output_mat:
[4,3,1,2,4,-7,12,-8,9,6,14,12,13,-1,-3,-6]
[6,1,1,-2,4,-12,13,-9,16,-18,16,14,18,0,-2,-6]
[2,-1,7,0,3,-12,15,-9,-2,-3,0,14,18,-6,-3,-11]
[0,1,4,2,5,-9,16,-6,10,8,1,12,18,-6,-5,-10]
[1,1,2,2,2,-9,17,-5,16,-7,10,13,18,-5,-6,-12]
[0,-5,6,3,3,-10,16,-5,12,-14,4,14,16,-5,-8,-13]
[0,5,4,3,3,-10,16,-6,7,10,2,13,19,-4,-5,-12]
[-1,-4,2,1,2,-11,15,-6,9,-11,5,14,18,-6,-7,-12]
[0,2,1,4,2,-10,14,-6,18,6,3,13,17,-5,-6,-10]
[0,4,2,3,2,-11,12,-6,12,-8,8,14,14,-4,-1,-9]
[1,-5,4,4,4,-11,14,-6,2,-1,6,14,13,-4,-3,-11]
[0,-6,3,4,5,-9,16,-7,12,-1,5,13,14,-5,-6,-12]
[-1,1,1,2,6,-11,18,-9,11,-5,7,13,17,-5,-4,-12]
[0,1,1,2,6,-13,18,-10,9,-5,6,14,19,-5,-3,-12]
[-2,3,-1,2,5,-16,16,-12,10,-3,4,16,19,-5,-2,-10]
[-2,5,-3,1,4,-20,16,-14,5,2,7,19,21,-4,0,-7]
[1,2,-4,0,1,-23,13,-17,9,4,11,20,21,0,-2,-6]
[5,-1,-3,0,-3,-24,8,-17,8,3,14,21,20,2,-6,-6]
[5,-8,0,1,-2,-22,7,-17,0,1,11,20,18,3,-12,-7]
[5,-7,0,4,2,-19,11,-16,1,12,7,18,20,4,-18,-8]
[3,-7,-2,3,6,-15,14,-13,10,4,9,16,19,2,-21,-10]
[0,-5,-3,3,8,-13,16,-11,14,-2,8,14,17,-1,-18,-9]
[-1,2,-3,4,8,-12,16,-11,13,4,8,12,16,-1,-8,-7]
[-2,-5,-1,3,8,-14,13,-13,4,-11,6,13,15,-1,-7,-6]
[0,-3,-1,4,7,-14,13,-13,6,10,5,12,16,0,-7,-6]
[0,-6,0,2,5,-12,12,-11,11,-9,7,12,15,-2,-8,-9]
[0,-2,1,3,4,-10,12,-9,13,2,6,11,13,-3,-6,-9]
[0,0,1,1,3,-11,12,-9,6,-5,7,13,14,-2,-5,-7]
[1,-1,1,1,2,-12,12,-9,8,4,5,14,15,-1,-5,-7]
[3,0,1,0,1,-14,9,-10,11,1,7,15,15,-1,-7,-5]
[12,-3,5,-2,-3,-16,9,-8,9,6,18,18,17,2,-11,-7]
[4,-5,1,3,-4,-9,7,-2,4,3,0,11,10,1,-12,-8]
[10,-3,0,0,2,-12,7,-9,1,5,14,13,2,3,-4,-4]
[17,4,-1,-8,0,-20,5,-12,17,-11,14,15,2,15,-7,-3]
[12,4,4,-7,-1,-20,4,-12,15,-3,-3,16,2,4,-7,-10]
[11,12,1,-1,2,-14,7,-7,17,23,1,13,3,5,4,-11]
[12,4,0,-2,-2,-15,9,-5,2,-13,10,13,5,4,1,-13]
[9,6,7,1,-2,-14,9,-6,13,2,-4,13,5,4,-4,-12]
[9,5,3,0,0,-14,9,-6,9,10,-1,13,8,6,-5,-13]
[8,5,1,1,-1,-14,9,-7,16,-5,-2,13,7,5,-6,-9]
[7,11,-1,1,1,-14,8,-6,1,11,1,13,9,5,-4,-9]
[10,-3,0,-1,2,-15,9,-4,19,-1,7,14,6,7,-9,-9]
[8,5,2,1,0,-13,9,-1,15,6,4,15,0,4,-6,-11]
[4,8,-2,3,0,-12,12,-2,9,8,0,13,-3,0,-1,-11]
[5,4,-7,2,0,-17,11,-9,9,-2,5,15,1,4,-3,-7]
[8,7,-6,2,-1,-25,11,-15,7,0,2,17,7,12,-2,-5]
[8,8,-7,0,-4,-31,9,-20,9,6,3,19,11,14,-3,-4]
[11,3,-5,-2,-7,-36,7,-22,7,6,8,22,15,19,-10,-2]
[17,4,-4,-1,-6,-36,7,-21,4,18,8,23,19,23,-16,-4]
[22,-6,-2,-2,-1,-32,7,-17,4,6,10,24,19,20,-27,-7]
[20,8,1,2,4,-25,12,-9,19,18,5,23,15,16,-29,-6]
[14,12,0,5,9,-19,17,-3,3,8,2,23,10,8,-18,-6]
[10,10,-4,10,8,-14,21,1,10,18,1,19,7,4,-13,-3]
[3,12,-6,13,6,-13,20,2,13,-1,3,17,1,1,-7,-1]
[3,-7,-9,11,6,-15,20,-2,3,0,4,17,3,4,-9,-1]
[5,-3,-7,12,5,-18,16,-7,28,1,0,15,5,10,-10,0]
[7,-2,-6,11,8,-19,15,-10,2,-1,2,17,10,10,-9,-4]
[6,-7,-5,4,7,-18,18,-11,8,-2,-1,15,15,8,-16,-3]
[4,7,-3,1,6,-16,14,-11,19,9,3,11,18,7,-10,-4]
[5,1,-1,-1,2,-18,8,-12,18,-9,7,13,15,9,-10,-5]
[9,3,2,0,0,-19,6,-13,8,9,2,14,15,11,-10,-7]
[13,3,0,-2,-1,-20,4,-14,14,8,6,16,15,10,-11,-7]
[29,8,5,-5,-2,-22,5,-7,23,9,17,19,14,11,-12,-11]
[10,8,1,0,-2,-12,5,0,-3,-1,-1,12,7,0,-12,-9]
[10,-2,3,2,2,-14,7,-9,2,-8,11,15,2,-3,-11,1]
[15,9,2,-1,1,-24,4,-16,13,-5,11,16,1,13,-12,2]
[9,7,4,-2,-3,-27,3,-19,8,-16,0,20,-2,-1,-11,-2]
[10,-1,0,0,-1,-17,7,-10,9,24,6,16,-1,3,-4,-9]
[13,-8,3,-1,-5,-16,7,-7,19,-25,7,15,-4,-1,-14,-12]
[9,13,9,5,-3,-13,6,-5,5,10,-6,15,-4,-3,-12,-11]
[7,-1,5,4,-2,-13,9,-5,16,-5,-4,13,-3,-4,-13,-9]
[7,11,4,4,-3,-15,7,-6,13,1,0,15,-3,-3,-9,-6]
[7,-1,4,4,-1,-15,8,-6,16,-8,2,15,-1,-1,-10,-6]
[11,20,4,4,-1,-18,9,-8,3,2,7,17,0,1,-7,-4]
[5,7,8,-1,-7,-17,15,-2,-5,-10,0,17,3,-4,-10,-7]
[0,-11,2,0,-7,-12,15,-1,29,14,-10,12,2,-9,-19,-5]
[4,7,-7,2,-7,-18,11,-6,30,-2,5,16,3,1,-15,4]
[9,0,-2,6,-8,-30,11,-14,2,-17,5,21,5,12,-13,7]
[14,-3,1,6,-11,-36,14,-19,2,5,1,22,13,17,-20,4]
[19,3,4,6,-10,-37,16,-19,4,-3,2,23,19,18,-29,2]
[23,-3,5,5,5,-32,20,-16,-14,-1,0,25,20,14,-42,-3]
[25,29,6,3,11,-26,28,-9,22,14,2,24,18,10,-41,1]
[17,36,9,-1,8,-21,29,1,-5,-7,7,25,7,-3,-22,0]
[12,3,15,4,1,-13,28,9,15,5,-10,19,1,-7,-29,6]
[11,8,10,4,-3,-9,22,15,-1,13,-9,19,0,-10,-32,8]
[6,-6,2,3,-4,-7,22,16,37,5,-6,14,-4,-11,-32,9]
[3,8,-1,8,-3,-11,18,11,38,-10,-2,14,-7,-5,-16,12]
[8,2,-3,9,3,-19,17,5,2,-7,-3,19,-8,0,-3,10]
[13,-10,1,13,1,-18,21,1,43,-2,-7,18,-7,2,-6,8]
[10,9,2,11,2,-19,18,-4,8,-19,-6,21,-7,-3,3,7]
[11,-13,3,10,2,-19,17,-7,3,0,-5,16,4,-1,-3,6]
[13,-11,6,6,-1,-21,11,-12,14,-15,-1,16,8,2,-14,4]
[11,-2,8,5,-1,-21,7,-14,15,2,-4,15,10,4,-18,-1]
[12,3,3,2,0,-23,5,-16,9,1,3,18,10,2,-19,-2]
[26,10,3,-4,-1,-24,7,-9,21,11,18,20,9,5,-20,-7]
[7,4,-1,-2,-2,-13,5,-1,12,-13,0,11,3,-5,-20,-7]
[8,1,5,2,-4,-16,7,-8,-3,-14,11,15,9,1,-16,5]
[12,4,2,4,3,-23,9,-12,8,8,8,14,13,19,-24,5]
[10,3,2,2,0,-25,11,-14,26,-11,5,17,12,4,-24,1]
[10,-7,0,-2,7,-13,12,-6,0,13,10,11,8,6,-10,-8]
[12,10,0,-3,1,-12,6,-5,19,0,7,10,3,1,-7,-8]
[6,7,4,1,2,-9,4,-1,10,-1,-2,10,0,-4,-4,-11]
[4,4,3,3,1,-8,6,0,16,9,-3,10,-4,-6,-4,-7]
[4,7,1,2,1,-9,6,-1,11,0,5,11,-3,-3,-2,-8]
[8,5,4,1,-1,-12,7,-2,12,-2,7,12,0,0,-3,-7]
[16,17,10,7,-2,-12,7,-2,28,15,18,12,2,7,-3,-12]
[11,-22,22,-5,-4,-15,13,-3,-40,-52,-4,20,14,-2,-34,-11]
[-2,0,9,-6,7,-2,23,2,24,73,-26,8,33,-9,-41,-1]
[-2,16,-8,-8,3,-9,18,4,53,-9,19,11,31,-7,-33,3]
[6,-7,4,6,-1,-18,18,0,20,-29,13,15,19,8,-36,7]
[15,-4,4,5,6,-25,22,-5,-8,8,-2,21,20,12,-40,4]
[19,11,-1,1,16,-22,25,-2,21,12,-1,23,16,7,-35,2]
[15,37,6,5,20,-17,28,0,32,-5,1,25,5,1,-19,6]
[21,40,9,4,16,-18,27,9,-20,18,18,28,0,-3,-4,1]
[21,-29,21,-3,-1,-8,23,17,0,-26,2,17,2,-8,-32,-4]
[18,16,27,1,-3,0,11,22,-10,36,-11,10,10,-11,-30,-1]
[10,7,20,0,-2,6,13,27,8,-1,-7,8,20,-17,-37,2]
[-3,24,9,4,-2,8,18,29,-6,19,-4,4,26,-20,-30,11]
[-6,-3,7,-1,-2,1,19,25,16,-13,8,7,23,-13,-34,13]
[-5,-5,5,4,0,-3,19,18,53,-1,0,6,19,0,-35,15]
[3,10,1,1,-3,-12,17,16,-2,-4,5,11,8,-3,-14,10]
[10,-32,4,4,-3,-9,14,13,57,-10,0,10,-1,-3,-21,5]
[18,-12,2,7,3,-11,10,7,23,-14,6,14,-5,-1,-10,4]
[21,-9,6,7,4,-15,12,-1,9,-11,-2,16,-1,-1,-3,5]
[13,-6,6,4,5,-17,9,-7,11,3,-7,14,3,-2,-3,3]
[11,1,1,2,4,-21,3,-14,27,8,1,16,5,0,-5,3]
[23,12,0,-1,0,-23,5,-7,8,8,18,18,7,5,-6,-3]
[5,7,-4,-1,-1,-13,6,-1,4,-10,-1,10,4,-4,-11,-5]
[11,0,7,6,-7,-18,9,-3,6,-13,3,15,9,3,-16,3]
[15,1,1,12,11,-20,20,-3,4,9,-1,19,14,15,-28,3]
[17,10,-4,5,11,-21,28,-5,8,-11,9,25,14,-5,-31,5]
[5,-5,6,-2,13,-12,24,-3,26,-5,2,15,7,-2,-17,2]
[8,8,2,-4,7,-15,7,-8,12,15,3,11,4,0,-5,0]
[7,0,2,-1,2,-13,2,-6,26,-10,-1,10,-2,-2,-8,-3]
[5,11,2,1,2,-10,4,0,4,14,-1,11,-5,-4,0,-6]
[5,1,1,1,-1,-10,7,-1,21,0,6,10,-4,-3,-3,-7]
[9,2,1,-3,0,-16,5,-6,4,-5,9,14,-1,1,-4,-9]
[25,-3,-5,-3,-1,-18,6,-7,28,36,21,12,-1,6,-1,-18]
[12,8,16,-1,2,-23,3,-11,43,-67,-14,25,-14,-3,-7,-7]
[-3,31,4,7,26,-14,11,-2,-48,85,-24,30,9,-16,11,-3]
[7,-28,-14,-4,9,-12,24,5,9,-20,24,25,14,-21,-21,4]
[7,9,4,1,7,-12,21,8,25,-11,13,20,4,-7,-26,10]
[8,36,11,9,12,-15,25,6,23,7,0,24,2,-3,-17,13]
[6,27,3,6,13,-14,30,11,-26,-1,0,25,-3,-8,-7,15]
[15,6,10,1,5,-13,23,15,7,25,14,23,-2,-4,-14,7]
[30,-34,14,-2,-2,-8,17,16,22,-22,18,15,-1,1,-35,-11]
[26,21,20,-3,-5,-9,7,11,-12,-8,-5,12,-2,-6,-24,-13]
[16,18,20,3,0,-4,7,16,0,31,-16,8,8,-12,-7,-18]
[8,11,10,3,0,-5,14,20,9,-2,-8,14,9,-22,-5,-10]
[-1,-6,10,2,5,-1,15,26,3,13,-1,15,15,-25,-12,-3]
[-6,11,9,7,3,2,21,24,28,-1,4,11,20,-20,-9,10]
[-10,27,7,2,1,-4,24,20,-18,-2,14,14,26,-16,-1,10]
[-9,-43,8,-1,1,-3,25,16,37,-18,-3,6,25,-13,-35,8]
[0,28,-6,2,5,-1,14,16,21,29,6,5,20,-10,-17,12]
[8,-2,-2,6,4,-2,18,17,49,-40,20,10,0,-9,-5,7]
[18,-13,9,8,5,-7,17,9,19,-17,4,14,-9,-5,0,5]
[17,-21,11,2,5,-14,11,-2,7,-6,-13,14,-3,-4,-5,7]
[17,-3,3,-1,4,-20,3,-13,22,24,-1,16,4,1,-5,6]
[26,-2,3,-5,-2,-26,3,-10,23,-6,19,18,5,8,-14,-2]
[6,10,-2,-2,-2,-16,5,-3,1,-2,-4,10,3,-2,-16,-5]
[11,1,4,5,4,-15,9,2,-7,-17,-6,18,3,4,-12,5]
[18,20,6,12,18,-13,27,13,36,42,4,25,2,8,-17,7]
[14,17,3,8,11,-11,39,17,14,-43,25,30,-13,-19,-10,4]
[6,-9,14,1,12,-6,27,8,-9,-4,-4,18,-7,-14,-7,6]
[15,-19,9,-2,9,-13,7,-9,19,14,-5,10,4,-2,-9,5]
[12,10,1,-3,2,-16,-1,-12,21,-4,4,11,3,-1,-6,1]
[6,-1,2,-2,1,-13,3,-6,13,0,3,10,2,-2,-7,-6]
[7,4,-2,-3,-2,-15,5,-6,3,10,7,12,2,-1,-8,-6]
[6,10,1,-2,-4,-19,4,-11,21,-6,7,14,4,5,-13,-2]
[12,4,-13,-1,-1,-24,3,-16,-24,22,10,15,9,10,-14,-7]
[9,21,-1,-4,4,-33,-7,-15,39,-8,-2,32,-15,9,-13,-3]
[9,-18,8,-1,13,-19,3,1,33,39,0,35,-16,4,-15,-11]
[17,1,2,-6,-5,-14,16,8,-47,-10,12,30,-12,-14,-18,6]
[6,19,13,-1,1,-3,19,14,-15,25,-1,19,7,-7,-32,13]
[11,17,12,1,1,-8,22,19,27,18,21,22,12,-5,-38,9]
[8,-27,16,-6,-2,-6,22,23,17,-30,13,20,9,-6,-47,3]
[19,-6,11,0,-1,-3,16,17,-6,42,9,9,9,-2,-36,-4]
[25,35,2,1,-3,-6,7,9,13,-20,20,8,3,-2,-23,-13]
[14,22,12,-4,1,-12,7,3,3,-24,1,12,-2,-6,-9,-14]
[11,-7,7,-4,1,-13,14,1,12,28,-20,10,3,-9,-7,-15]
[8,2,-7,-6,3,-13,14,6,29,11,-8,12,2,-12,-3,-12]
[-2,16,-4,-1,10,-10,18,15,23,1,0,13,0,-12,4,-5]
[0,18,6,1,6,-12,19,19,-6,11,17,20,-2,-13,14,-3]
[-2,-50,15,-3,2,-7,23,17,18,-32,2,14,4,-13,-15,-4]
[-8,41,10,3,5,-4,15,14,13,30,-12,13,10,-15,-6,14]
[-5,-2,2,0,14,2,20,26,-3,3,14,14,14,-18,-12,7]
[3,-19,-1,1,2,7,25,28,48,-1,26,8,1,-17,-22,10]
[10,3,7,4,3,3,15,19,48,-31,24,10,-8,-10,-4,4]
[18,-16,16,1,6,-9,9,2,9,-26,-4,16,-8,-5,-1,6]
[24,-14,7,-2,8,-20,4,-15,6,33,-5,16,5,1,0,5]
[30,5,3,-6,-2,-29,1,-17,19,-7,17,18,9,8,-8,2]
[6,15,-2,-2,-2,-19,5,-8,1,-4,-5,10,8,0,-12,-6]
[2,4,9,5,8,-4,13,6,8,-17,-14,16,5,3,-28,15]
[20,29,2,1,20,-4,30,26,-10,65,23,24,17,1,-23,7]
[17,-22,8,-7,-1,2,34,31,54,-62,37,19,-5,-20,-32,-3]
[11,-12,26,-4,6,3,15,18,12,-16,-7,13,-14,-16,-17,1]
[24,-6,10,-3,8,-14,1,-10,7,18,-9,15,-4,-4,-6,6]
[21,0,-4,-3,4,-22,-2,-17,18,-4,8,15,3,1,-1,5]
[12,6,-2,-1,-1,-23,0,-14,14,-4,9,15,2,3,1,0]
[9,2,0,-1,-1,-24,4,-12,-12,6,5,17,6,3,-8,-3]
[11,10,2,2,-4,-26,8,-12,3,16,6,19,11,8,-17,-2]
[11,-8,0,6,8,-25,12,-13,15,-4,2,19,13,9,-31,-3]
[15,33,-6,5,16,-23,16,-10,-6,21,12,23,15,12,-18,3]
[21,5,5,-4,6,-16,23,4,-2,3,23,19,15,9,-12,-7]
[20,-11,24,-6,-8,-10,13,7,-6,-5,-7,16,11,-2,-32,-6]
[14,12,21,2,4,-3,9,12,2,47,-7,14,21,-3,-34,0]
[20,1,0,2,5,-3,17,16,9,3,28,15,25,-12,-35,-3]
[4,17,9,-4,1,-2,15,17,6,-33,14,13,18,-15,-37,2]
[0,18,8,-1,8,-3,13,13,4,34,2,8,19,-9,-23,-3]
[11,16,-7,3,2,-7,12,7,48,5,19,7,2,-7,-14,-9]
[9,6,3,-1,5,-11,10,2,26,-53,14,12,-11,-6,-4,-9]
[5,-2,6,-4,8,-13,15,-7,-22,17,-19,12,2,-5,1,-4]
[2,7,-9,-8,10,-14,16,-10,14,27,-17,9,15,-6,-4,0]
[-2,10,-12,-9,10,-15,16,-1,53,9,16,11,9,-1,-3,-6]
[5,-32,-4,-4,6,-13,16,5,9,-31,19,12,1,-2,-14,-11]
[-1,22,7,0,6,-13,11,1,6,0,-9,15,-6,-4,-5,4]
[1,9,7,-2,15,-10,8,9,8,35,-1,20,3,-4,3,0]
[6,-27,5,-1,11,0,19,23,45,-9,12,15,1,-13,-12,5]
[0,27,2,4,5,9,18,32,-36,16,22,11,2,-24,-2,6]
[4,-10,3,5,3,12,19,28,48,-12,29,3,-5,-18,-7,2]
[14,-8,12,0,5,-2,7,7,38,-51,13,16,-13,-8,-3,6]
[26,-16,12,-3,8,-19,4,-13,0,23,-7,18,-2,3,1,4]
[36,0,9,-6,-4,-33,1,-22,12,9,12,19,4,12,-8,3]
[10,11,-2,-4,-4,-23,5,-12,4,-9,-5,11,9,4,-13,-6]
[0,28,12,2,16,-3,9,6,34,29,-5,22,17,6,-21,11]
[19,12,5,-1,22,2,29,28,12,22,36,19,20,-4,-23,-4]
[11,6,9,-6,-1,7,30,25,-45,-57,29,15,5,-28,-38,-2]
[-2,3,23,-4,4,11,16,17,48,-2,-11,4,6,-15,-27,4]
[18,-1,1,-7,3,-12,-2,-8,41,1,-2,13,6,-6,-15,7]
[25,-8,-5,-3,-4,-27,-2,-16,8,-12,12,18,3,8,-10,12]
[20,-1,-2,-1,-3,-31,1,-17,5,1,8,20,2,15,-11,7]
[17,20,5,-1,-5,-31,6,-14,16,11,4,21,6,13,-11,3]
[17,11,9,1,0,-27,12,-7,-22,1,-1,23,0,7,-10,-1]
[15,32,6,13,4,-20,22,-4,30,32,-3,24,1,2,-13,6]
[16,22,4,7,6,-21,27,5,6,-11,26,26,-3,0,-7,-4]
[23,-27,11,-3,-7,-18,23,5,-14,-12,3,14,6,-1,-30,-9]
[13,13,17,-2,-6,-13,4,0,5,10,-25,13,10,-6,-32,-2]
[10,14,2,2,13,-9,4,6,14,42,-9,17,19,-8,-26,-1]
[14,4,-10,0,12,-8,15,13,34,-3,26,18,7,-16,-22,-3]
[0,27,5,-3,7,-8,11,19,24,-21,17,18,-8,-17,-8,4]
[-7,5,10,5,10,-4,13,17,4,19,-2,12,-4,-12,1,4]
[6,-4,-15,3,9,-4,14,9,-12,21,13,8,-2,-10,-3,-1]
[9,17,-2,-3,6,-8,10,3,64,-28,27,10,-13,-3,-3,-2]
[0,9,15,-1,9,-16,11,-7,14,-24,-6,20,-19,-2,12,-4]
[2,-19,5,2,11,-20,13,-15,-33,36,-29,19,1,-5,3,3]
[5,-15,-17,-5,6,-15,16,-13,10,21,11,11,17,-3,-19,0]
[-2,13,-10,-2,2,-14,10,-7,53,-41,17,9,6,-3,-22,-1]
[-5,29,3,6,6,-17,5,-4,17,11,4,18,-8,3,3,1]
[4,-29,2,4,5,-13,13,0,-6,-6,-2,17,-2,4,-7,3]
[11,14,2,-3,1,-7,11,11,-8,32,6,18,8,-6,-11,5]
[0,-28,8,-3,4,7,10,27,45,-11,10,8,8,-16,-30,0]
[3,17,-2,6,6,12,9,29,7,24,26,3,-4,-18,-5,4]
[10,4,6,4,4,3,10,15,46,-54,31,12,-15,-11,5,6]
[23,-19,15,-2,7,-16,8,-10,0,-16,2,20,-5,1,-1,1]
[40,-5,14,-3,-4,-34,5,-24,8,34,0,19,7,16,-8,0]
[16,10,-3,-5,-5,-26,5,-17,5,-19,-6,12,10,6,-11,-7]
[1,4,7,-1,27,-5,10,3,-18,46,-6,28,25,5,-18,3]
[25,-16,-1,-12,14,3,29,25,50,9,44,21,24,-11,-44,-8]
[4,8,26,-6,3,10,16,26,-1,-68,16,16,4,-31,-42,-3]
[-11,25,20,2,9,12,11,16,-6,35,-15,8,12,-22,-17,11]
[8,-3,-7,-9,2,-10,9,-2,47,-9,13,11,16,-13,-16,17]
[22,-3,2,-5,-6,-26,5,-9,11,-28,20,17,12,8,-17,13]
[23,21,10,7,-6,-30,7,-16,14,12,8,19,12,23,-17,7]
[28,22,16,-2,-15,-32,14,-10,-36,-9,13,24,16,15,-20,-3]
[13,-20,31,-4,-9,-17,24,-4,-3,-4,-28,18,15,4,-54,-1]
[11,18,11,-4,-1,-14,26,3,-18,63,-5,23,33,-3,-59,-2]
[10,-19,-9,-10,0,-12,31,7,77,-34,27,13,31,-6,-64,-11]
[4,24,6,-9,-1,-17,12,4,-6,-37,2,14,15,-6,-37,-10]
[-5,23,9,4,8,-15,8,2,22,39,-28,15,5,-7,-9,2]
[-4,4,-10,1,17,-13,14,6,0,7,0,23,4,-13,-8,7]
[4,7,-14,-2,9,-10,21,9,10,17,21,17,2,-13,-19,7]
[-2,1,0,-10,5,-9,11,14,27,-29,20,14,-5,-9,-22,4]
[-3,0,8,-2,8,-4,7,18,37,25,3,12,-9,-6,-13,4]
[0,8,-4,7,14,1,8,13,5,6,6,11,-8,-7,-6,4]
[11,31,-6,-2,6,-7,16,4,-11,7,39,14,-9,-2,7,1]
[3,-24,15,-7,1,-15,14,-2,44,-50,4,19,-13,3,-5,-9]
[5,-15,19,7,2,-19,4,-12,15,34,-34,20,-9,0,1,-4]
[8,4,-3,6,0,-17,10,-10,-39,18,-9,17,10,-5,-4,2]
[-4,1,-8,0,-1,-14,13,-7,12,-11,13,12,13,-8,-23,5]
[1,-10,-6,-1,1,-13,10,-1,47,-7,18,12,13,4,-29,1]
[4,2,7,0,-2,-16,7,-1,19,-14,8,16,2,6,-15,1]
[9,-7,6,2,1,-8,11,3,-12,24,-6,11,13,0,-13,-2]
[0,11,-2,-3,1,-3,9,10,-6,-4,-4,10,19,-11,-20,11]
[-3,-7,-5,1,11,7,10,20,27,27,14,2,18,-10,-23,6]
[8,5,-4,0,4,3,11,18,59,-23,41,7,-3,-7,-9,3]
[16,-6,11,0,4,-11,10,-2,31,-55,16,19,-10,0,0,0]
[38,-8,13,1,0,-30,8,-19,-23,36,-5,21,2,15,-1,-5]
[21,-4,-4,-3,-5,-25,7,-17,13,-8,-14,10,7,6,-15,-6]
[1,5,7,9,28,-6,10,0,29,48,-4,29,9,10,-14,-8]
[26,8,-10,-10,6,-5,30,15,-56,-32,36,29,20,-14,-27,-12]
[-5,3,26,-6,1,7,16,19,24,-23,-7,13,8,-30,-47,2]
[-16,19,19,-3,11,8,5,14,25,18,-13,12,8,-21,-27,13]
[3,5,-9,-8,4,-12,15,1,28,5,23,12,16,-13,-12,23]
[14,-5,8,-6,-1,-25,12,-3,4,-54,22,19,14,5,-16,12]
[24,21,15,9,1,-26,15,-6,39,60,23,19,14,20,-12,-9]
[34,-20,19,-6,-1,-28,20,-5,-9,-83,19,25,13,4,-36,-21]
[11,28,33,0,8,-15,21,-2,-18,53,-34,23,19,-7,-29,-12]
[1,5,6,0,17,-11,25,-1,-6,21,-20,19,31,-17,-29,-8]
[-3,46,-24,-6,13,-12,28,-5,11,16,24,14,32,-12,-21,2]
[-15,12,5,-11,8,-19,19,0,34,-86,10,17,12,-7,-24,6]
[-15,4,12,4,12,-13,15,7,11,70,-19,16,6,-10,-9,4]
[-8,-8,-5,3,7,-10,20,10,44,-11,11,17,-1,-10,-12,5]
[0,-5,-5,-4,9,-11,16,7,-46,-5,18,20,8,-11,-22,2]
[-4,11,0,-1,7,-7,13,3,47,9,13,9,11,-1,-25,9]
[-7,20,0,-4,12,-5,8,11,-4,-15,12,15,6,-8,-8,4]
[1,2,4,5,15,2,13,14,40,39,16,13,0,-3,-9,2]
[16,-4,2,-1,4,-3,18,8,9,-31,45,14,-5,1,-6,-11]
[4,1,16,-9,1,-12,18,-5,-22,-33,-3,14,-2,1,-13,-8]
[5,6,14,3,-3,-15,8,-12,46,41,-29,15,11,5,-9,-9]
[6,-26,3,0,-3,-18,8,-6,4,-21,-12,19,10,-6,-22,-9]
[0,-3,-5,7,7,-11,13,-5,7,26,0,13,13,-6,-25,3]
[1,27,-13,0,7,-12,15,-1,11,-15,30,12,19,-1,-15,7]
[-3,-5,7,-4,3,-14,15,0,8,-27,12,14,11,-1,-22,1]
[-1,-1,10,0,2,-12,12,1,41,35,-10,10,9,-1,-19,0]
[-2,10,4,0,5,-10,7,5,19,-11,-5,16,5,-9,-8,8]
[-4,-1,-3,3,12,-3,13,13,-11,22,2,12,15,-9,-11,15]
[3,2,-11,0,7,1,16,15,19,8,31,5,10,-10,-13,8]
[10,4,3,-2,1,-8,13,7,59,-53,26,14,-7,-1,-8,2]
[26,-16,14,2,-1,-22,9,-9,14,1,-5,17,-10,10,-4,-5]
[22,11,-5,1,-4,-22,6,-13,-16,16,-22,10,1,7,-2,-2]
[3,1,-5,4,30,-5,10,7,20,74,18,33,8,8,-8,-21]
[19,-33,-5,-8,4,-4,26,16,36,-91,31,29,-3,-21,-44,-24]
[-7,43,27,1,8,5,11,18,-47,31,-18,17,-6,-31,-13,4]
[-11,-8,13,-2,10,1,14,11,21,5,-13,15,8,-21,-12,23]
[6,-3,-6,-6,5,-13,17,-2,19,18,26,15,19,-9,-16,20]
[8,-6,8,-9,3,-27,13,-10,21,-69,17,23,14,5,-26,15]
[23,6,-6,-1,10,-23,17,-7,9,86,24,17,16,9,-12,-10]
[21,25,1,-4,8,-25,14,-3,80,-73,29,27,-12,-5,-14,-19]
[-3,31,20,10,15,-17,12,7,-31,28,-15,37,-22,-19,8,-18]
[-6,-32,4,12,16,-12,20,8,5,27,-37,29,-20,-30,-2,-2]
[6,-9,-13,-1,13,-13,18,2,-25,34,25,27,-6,-16,-15,0]
[-5,0,8,-10,1,-22,16,-2,31,-72,17,25,-4,-4,-30,11]
[-16,1,18,0,11,-15,13,-1,-27,39,-14,17,16,-7,-16,1]
[-1,-3,-9,0,6,-11,21,1,37,26,15,14,18,-9,-16,-1]
[-6,-6,2,-2,9,-11,15,4,33,-56,13,16,8,-7,-22,-3]
[-2,26,2,2,8,-15,11,0,-35,49,14,21,8,-4,-4,5]
[-7,-35,-1,-8,11,-8,12,6,57,-38,9,17,5,-5,-29,7]
[6,29,-2,6,20,-2,7,11,-4,70,33,18,11,1,-5,-5]
[15,-13,6,-4,0,-3,23,8,7,-75,45,17,1,-6,-21,-20]
[-4,-5,31,-9,10,-9,16,-9,-8,-14,-26,17,0,-3,-33,-12]
[3,14,-4,-2,8,-12,8,-16,30,65,-22,14,24,0,-19,-11]
[-6,-9,-11,-6,5,-13,13,-8,30,-69,-7,17,11,-15,-22,-4]
[-3,25,-2,9,19,-10,12,1,5,63,0,17,8,-6,-9,6]
[5,-6,-6,-3,5,-12,17,6,29,-35,38,18,-2,-6,-14,2]
[-3,10,13,3,2,-10,15,4,14,-20,5,13,-7,-4,-12,6]
[-5,12,7,4,3,-12,11,0,-29,28,-7,14,8,-5,-5,2]
[-1,-15,6,1,2,-9,12,4,44,0,-6,14,8,-7,-22,5]
[-2,-2,9,-2,9,-5,11,15,12,1,2,19,10,-10,-26,8]
[0,1,0,4,8,1,18,19,7,27,17,10,14,-12,-27,8]
[1,11,-4,-3,3,-3,17,13,13,-40,26,9,7,-11,-17,6]
[9,4,10,2,-5,-13,14,3,51,-3,3,10,0,2,-9,4]
[14,0,-3,-1,-3,-17,6,-4,-7,0,-13,9,2,7,-1,-5]
[0,-23,-21,5,38,0,13,4,-3,68,19,29,12,9,-14,-29]
[8,27,-18,-10,1,-1,26,14,24,-92,35,28,-15,-30,-35,-25]
[-14,-2,34,3,10,8,11,25,11,13,-19,15,-20,-28,-18,-7]
[-3,-10,11,2,8,-2,11,13,22,20,-11,18,-10,-18,-7,21]
[7,-11,-8,-3,7,-13,19,0,7,4,28,18,13,-9,-10,18]
[4,5,7,-3,6,-30,10,-17,26,-49,14,26,14,7,-16,22]
[10,-13,-5,-2,14,-28,9,-19,-19,48,8,21,27,12,-17,6]
[20,33,-13,-13,7,-24,13,-5,57,22,51,26,3,1,-12,-12]
[-2,-36,10,-8,10,-12,11,15,54,-67,11,32,-15,-12,-24,-21]
[-5,-28,3,6,21,-3,3,12,-16,61,-29,26,-19,-19,-8,-11]
[12,-7,-6,-2,11,-7,11,2,12,21,26,21,-5,-5,-12,-10]
[5,30,9,-9,0,-25,12,-5,-16,-51,26,28,-10,1,-4,-7]
[-11,-24,26,1,4,-23,14,-12,1,11,-27,22,6,-1,-16,-3]
[3,1,-14,4,10,-15,19,-11,-20,54,-3,16,26,-8,-15,-3]
[-4,9,-10,-6,5,-15,14,-3,59,-45,26,19,11,-6,-26,-5]
[-3,-21,8,3,7,-13,14,2,2,4,9,14,9,1,-27,-5]
[-5,14,-2,-10,14,-13,7,-1,-19,-3,0,25,9,1,-22,12]
[8,-4,-4,0,21,-2,14,8,45,65,41,19,21,7,-22,-15]
[11,2,-1,-11,0,-5,23,4,-8,-104,39,24,6,-10,-33,-26]
[-18,20,27,0,15,-11,6,-11,17,15,-45,22,-8,-7,-16,-10]
[-2,3,-14,3,17,-13,4,-13,-8,58,-19,21,9,-7,-7,-7]
[-11,-2,-15,-3,7,-12,15,-5,32,-61,3,23,-9,-18,-20,6]
[-2,4,-1,7,18,-6,13,8,-8,50,14,18,2,-3,-15,4]
[8,-11,-7,-4,0,-8,17,8,11,-36,32,13,-3,-6,-30,2]
[1,21,13,0,2,-8,5,10,26,6,12,13,-10,-2,-15,-3]
[-1,-21,12,3,6,-10,9,2,20,-13,-6,15,-8,-4,-16,-4]
[6,26,1,5,6,-12,12,0,-14,37,-4,16,6,-5,5,2]
[0,-4,11,-1,6,-8,16,11,14,-29,1,19,11,-11,-9,2]
[-1,9,10,6,6,0,20,21,1,41,7,13,16,-18,-17,0]
[-8,0,2,0,5,-1,17,16,11,-49,14,11,10,-19,-25,4]
[-1,25,4,3,-2,-11,17,9,26,31,14,8,14,-5,-3,8]
[2,-9,-4,-4,-1,-14,12,2,22,-39,3,7,9,5,-6,-6]
[-8,-19,-20,7,37,-2,14,1,1,66,21,32,13,10,-9,-29]
[2,-3,-26,-13,0,0,32,10,-9,-102,31,24,7,-26,-43,-29]
[-15,-8,25,-4,15,7,9,19,16,15,-21,11,-2,-22,-29,-5]
[-4,15,7,6,15,3,8,18,52,46,-4,18,1,-13,-10,8]
[4,-27,-6,2,9,-7,29,14,22,-44,34,23,-6,-19,-7,8]
[8,-15,11,5,5,-28,19,-9,4,-15,8,27,3,3,-14,21]
[12,-23,10,2,11,-35,6,-25,17,18,-4,25,21,18,-20,21]
[32,4,-18,-6,12,-23,10,-14,1,65,46,19,26,11,-13,-6]
[5,-6,-3,-15,11,-8,7,5,24,-87,20,23,1,-11,-25,-5]
[-16,11,11,9,24,10,3,9,8,55,-15,16,6,-5,-3,-8]
[17,-8,-3,-6,-4,-11,17,-6,-30,-3,29,24,16,-1,-11,-20]
[15,-22,12,-8,-12,-20,16,-9,34,-25,8,16,7,12,-34,-21]
[1,13,22,4,-4,-31,5,-17,-13,-4,-28,31,1,3,-27,-7]
[3,-18,-3,6,16,-19,21,-12,-17,54,-20,25,24,-4,-29,-6]
[-1,7,-21,-11,5,-14,23,-9,22,-25,26,19,26,-10,-38,-3]
[-6,11,3,-4,5,-14,14,0,47,-16,13,12,16,-5,-30,1]
[-9,3,8,-4,26,-14,6,-2,3,-3,-8,25,6,3,-21,6]
[13,-8,-17,3,24,-7,18,5,-4,70,38,22,14,5,-6,-14]
[2,6,-5,-11,3,-4,21,2,3,-108,27,22,-4,-15,-33,-23]
[-24,19,23,2,13,-10,-3,-6,16,35,-42,24,-15,-7,-10,-9]
[-2,-29,-13,1,13,-12,4,-7,5,34,-13,21,-5,-7,-16,0]
[-4,19,-13,-6,3,-11,11,0,7,-22,13,22,-6,-13,-19,8]
[-1,-7,2,2,10,-3,12,11,17,15,20,11,3,-4,-14,5]
[6,16,-2,0,1,-8,8,5,-4,-21,20,11,-3,-7,-13,8]
[1,14,3,4,6,-3,7,10,17,13,11,5,-4,-3,-2,1]
[-1,19,7,6,1,-11,9,4,30,-17,3,15,-14,-4,11,3]
[8,-13,11,6,1,-13,13,4,-20,19,-1,16,-6,-1,4,-8]
[9,-14,14,-1,-4,-12,15,7,14,-9,-9,17,0,-8,-17,-4]
[3,8,7,5,2,-1,18,20,6,33,2,10,12,-16,-14,-10]
[-9,13,4,-1,6,-3,16,14,4,-49,8,16,7,-21,-17,3]
[0,17,6,2,-1,-12,21,7,4,39,18,9,21,-5,-5,5]
[-1,3,-7,-8,-1,-15,15,0,19,-46,11,6,13,4,-11,-5]
[-7,-28,-22,6,34,-4,16,-2,3,70,23,30,12,12,-9,-32]
[-4,3,-24,-12,-1,-3,27,1,-12,-120,22,21,10,-23,-45,-28]
[-22,16,25,-1,20,1,5,5,-1,31,-34,14,5,-14,-19,2]
[-1,-3,-7,0,20,4,15,22,23,68,17,19,14,-10,-6,0]
[2,-41,-8,-2,0,5,35,31,59,-75,38,18,-8,-30,-23,-4]
[8,-8,15,7,-1,-15,24,7,2,-17,1,22,-1,-8,-17,15]
[17,-16,15,7,6,-40,5,-23,7,13,-14,31,14,23,-22,23]
[36,-9,-13,2,8,-34,3,-24,28,61,24,25,23,20,-22,4]
[8,19,-3,-10,10,-17,-4,-3,29,-72,20,26,-10,-5,-17,0]
[-5,-5,16,10,15,1,1,14,6,55,14,20,-6,1,10,-13]
[21,-40,5,1,-11,-12,15,-7,-31,-43,10,19,7,0,-26,-21]
[19,39,5,-7,-7,-21,11,-16,-9,44,-10,11,7,9,-19,-15]
[4,14,5,2,4,-26,9,-12,64,-29,-18,24,-4,-2,-12,-8]
[1,5,-2,15,18,-17,21,0,-16,44,-12,27,-5,-8,-2,-7]
[-1,-2,-10,2,3,-15,25,-1,-32,-27,10,23,7,-16,-19,2]
[-9,-8,0,-5,6,-13,17,-2,6,-2,4,15,19,-8,-35,10]
[-7,11,4,-4,29,-14,3,-1,58,6,1,26,9,5,-36,8]
[12,-5,-10,7,20,-6,17,10,11,42,40,24,3,0,-11,-21]
[-4,12,0,-7,6,-5,23,9,-27,-90,19,22,-19,-21,-25,-20]
[-28,-1,22,3,15,-2,2,3,14,30,-35,18,-7,-12,-15,-8]
[-4,8,-6,7,9,-6,11,1,17,38,-7,14,7,-8,-8,4]
[-6,-2,-3,-1,5,-6,20,6,-24,-39,15,17,12,-14,-24,0]
[-4,-25,4,-2,7,-1,17,10,1,16,11,9,17,-7,-43,4]
[0,15,1,-2,5,-3,8,7,43,-4,19,9,12,-2,-42,7]
[-1,10,6,-3,4,-5,10,8,1,-13,21,10,8,-2,-28,0]
[6,-8,9,-3,-3,-8,16,7,32,9,15,10,6,1,-22,-5]
[10,-14,13,-2,-5,-10,12,2,23,-21,1,9,9,0,-22,-15]
[8,18,12,1,-1,-11,10,2,-19,12,-17,14,10,-10,-12,-11]
[2,-4,-2,1,5,-3,21,14,17,17,-1,9,13,-16,-9,-13]
[-7,28,0,-2,7,-7,18,11,28,-28,14,16,5,-15,0,-3]
[4,6,12,0,-2,-19,22,4,-20,6,20,14,17,-5,4,-3]
[1,4,-3,-5,-2,-17,16,-4,3,-14,0,6,14,4,-13,-7]
[-6,-32,-24,5,28,-5,12,-4,-9,68,18,25,12,11,-7,-29]
[-6,10,-20,-10,-2,-8,19,-5,-1,-111,17,22,-2,-22,-44,-20]
[-23,18,27,3,17,-8,3,-1,14,39,-33,20,-3,-3,-13,2]
[7,-33,-12,-7,17,-3,18,15,-13,50,17,19,16,-4,-7,-3]
[2,3,-14,-6,-4,13,28,32,40,-30,38,9,6,-31,-25,-5]
[3,-1,19,2,-4,-1,24,25,28,-56,13,17,6,-18,-16,9]
[14,-23,24,7,6,-30,15,-13,13,13,-22,29,12,17,-25,20]
[33,-6,-7,9,4,-35,9,-22,4,58,9,24,25,21,-28,11]
[15,-9,-2,-12,7,-22,-1,-8,22,-67,23,24,7,0,-39,-1]
[15,-7,13,0,9,1,6,11,37,55,21,9,6,6,-20,-15]
[15,25,23,0,-11,-13,9,-3,-14,-73,-4,20,-4,-7,-26,-11]
[0,-8,17,-2,8,-12,12,-15,-37,45,-33,19,18,0,-48,-13]
[-2,27,-13,-6,9,-19,18,-8,77,21,-3,22,19,-6,-40,1]
[-5,-13,-6,-7,10,-11,21,13,27,-27,16,23,0,-13,-17,-15]
[3,-18,7,0,-1,-11,16,11,11,0,-4,18,-15,-16,-22,2]
[-7,31,8,6,12,-11,7,3,-5,-1,-4,18,-7,-4,-3,15]
[-4,20,1,6,28,-14,13,2,-23,9,9,28,9,1,-4,10]
[12,-32,-9,2,10,-4,28,9,22,16,37,17,14,-5,-21,-17]
[-5,25,2,-9,7,-2,18,10,10,-61,12,13,-3,-15,-22,-20]
[-24,20,22,4,14,-5,2,4,2,16,-26,17,-4,-8,7,-6]
[4,-24,-2,0,8,-8,14,4,-25,39,2,21,8,-10,-2,-7]
[0,-23,0,-2,4,-4,17,5,48,-28,13,16,4,-18,-28,-7]
[-10,31,2,5,13,-5,12,6,-6,9,8,14,4,-14,-2,0]
[-1,17,-3,7,11,-9,13,6,3,13,25,14,3,-9,13,2]
[3,-10,8,4,3,-6,14,7,20,-40,21,11,3,-7,-2,-4]
[9,10,9,3,3,-5,14,2,-23,15,8,7,11,-6,1,-11]
[8,9,7,-2,0,-8,12,-2,29,-14,-1,7,9,-9,-10,-11]
[1,3,7,-1,9,-9,9,0,15,-7,-15,14,3,-12,-7,-7]
[-1,20,-7,0,9,-6,24,6,6,28,1,11,8,-10,11,-3]
[0,14,-2,-12,4,-15,22,3,0,-31,31,17,10,-9,9,-8]
[15,-18,19,-6,-8,-24,18,-5,19,-15,14,16,15,3,-16,-9]
[5,29,1,-3,-3,-22,9,-9,-16,15,-9,11,14,7,-13,-9]
[-6,-36,-19,5,24,-5,9,-2,-1,59,10,23,8,9,-10,-24]
[-3,19,-18,-5,-4,-9,17,-4,6,-83,17,20,-5,-20,-36,-14]
[-18,10,22,5,8,-13,7,-2,2,24,-19,21,0,2,-12,2]
[9,-41,0,-8,14,-13,16,1,-11,28,-4,20,23,3,-22,1]
[9,11,-16,-4,7,9,21,21,33,35,34,10,25,-18,-24,-7]
[1,-13,13,-6,5,4,28,33,27,-99,26,19,10,-25,-26,2]
[3,1,31,6,5,-16,25,4,35,39,-21,23,13,5,-18,17]
[22,-29,3,6,3,-32,12,-14,-1,15,1,22,20,6,-27,8]
[11,30,-4,7,6,-25,6,-17,56,-18,16,19,13,3,-29,11]
[12,16,-3,-3,11,-16,12,-2,-34,-4,31,18,16,1,0,-16]
[9,-27,8,1,8,-14,10,-3,52,-24,-12,16,-5,-12,-12,-16]
[-7,26,11,14,25,-12,5,-9,12,20,-32,24,-1,-8,1,-7]
[-2,14,-24,2,28,-14,26,-2,-63,31,11,27,13,-16,6,-6]
[-7,-34,-19,-8,8,-2,29,6,42,-44,18,7,17,-14,-27,-3]
[-6,42,7,-4,2,-7,7,10,-20,9,7,8,1,-8,-3,4]
[0,-11,17,3,7,-10,6,11,41,12,4,19,-14,1,-11,2]
[11,-16,11,5,15,-10,12,7,6,-9,14,26,-13,1,-19,0]
[15,17,-4,6,5,-7,24,1,-21,27,24,12,5,-2,-4,-5]
[-1,22,2,-16,9,-12,12,-5,-26,-53,14,13,5,-5,-14,-13]
[-6,-10,11,-6,21,-15,6,-7,45,29,-11,18,4,8,-18,-14]
[10,-10,-2,-3,13,-12,15,-5,-11,7,-2,19,10,-1,-9,-12]
[-4,29,-1,-1,4,-6,19,0,-28,12,1,16,13,-16,-6,-6]
[-12,-25,6,-5,7,-5,15,7,35,-11,8,15,10,-10,-37,-6]
[6,-22,-5,-1,10,-6,14,8,27,20,22,13,5,-1,-41,-7]
[10,12,1,-5,5,-7,8,11,26,-30,30,15,-10,-4,-23,-10]
[8,-2,13,2,10,-2,9,9,11,-1,5,13,-15,-9,-13,-15]
[9,17,3,0,6,-4,11,5,0,11,-5,12,-15,-15,2,-5]
[-3,21,7,-1,9,-6,13,4,23,-11,-4,13,-11,-12,12,4]
[3,8,3,-4,8,-10,21,3,-15,20,19,11,3,-4,16,-6]
[15,-29,6,-15,-1,-18,17,-11,0,-44,23,11,14,-2,-14,-10]
[26,33,15,-8,-7,-29,7,-18,7,17,7,18,16,13,-13,-8]
[9,17,1,-4,-3,-23,8,-11,6,5,-8,13,13,8,-13,-10]
[-6,-29,-14,2,21,-4,9,1,1,54,4,22,12,5,-12,-20]
[2,13,-16,-4,-4,-6,18,5,21,-57,20,18,0,-21,-33,-15]
[-10,-5,19,4,3,-10,12,5,15,-2,-11,18,1,-2,-17,-1]
[2,-16,8,-1,14,-18,11,-7,-9,21,-24,26,13,3,-20,9]
[13,-7,-21,-1,18,-1,19,11,10,64,23,20,25,-10,-16,-9]
[-2,6,0,-3,4,3,25,28,64,-95,33,20,2,-25,-19,-1]
[-3,8,32,6,6,-7,24,18,-24,13,-4,26,6,-12,-1,6]
[6,-47,12,2,1,-21,24,-6,24,2,-26,18,19,-5,-35,17]
[11,40,-5,5,3,-29,7,-12,28,49,24,24,14,3,-13,12]
[2,-55,-7,-2,6,-23,10,-4,53,-85,18,19,-1,3,-36,-8]
[-3,40,-12,3,21,-17,-2,-7,-22,43,-18,20,-16,-9,2,1]
[-1,11,-3,4,16,-17,0,3,45,12,1,32,-29,-3,13,-3]
[1,-49,-5,-1,13,-9,12,4,-1,-8,-3,20,-27,-11,-6,-10]
[3,52,-9,-6,-2,-13,7,-3,-34,22,18,17,-8,-8,-1,11]
[0,-19,12,-4,-1,-11,7,3,8,-40,13,11,6,3,-16,-3]
[10,1,8,6,4,-4,15,11,7,51,7,11,7,2,-12,-6]
[12,19,7,11,3,-1,16,13,11,-29,20,19,0,-7,-19,-4]
[12,-15,11,2,0,-5,18,0,-19,7,13,15,7,-5,-27,-9]
[4,-5,1,-9,9,-16,4,-16,47,-22,-2,14,4,4,-32,4]
[4,56,-11,7,18,-24,7,-18,25,45,10,24,7,12,9,-4]
[7,-17,-5,5,6,-28,22,-8,-3,-43,10,30,-8,-1,4,-13]
[3,-52,4,5,12,-12,19,-3,-14,30,-19,16,4,-11,-17,-16]
[2,20,-9,6,16,-6,14,-3,21,11,2,12,16,-4,-14,0]
[1,27,-14,4,26,-7,17,0,-8,-11,24,14,15,-5,-3,-9]
[8,9,-3,-1,17,-3,18,8,20,-12,23,8,0,-5,-8,-9]
[3,24,14,4,11,2,14,13,20,-13,10,11,-16,-11,7,-11]
[2,7,16,3,5,2,16,13,-21,1,-3,11,-12,-17,9,-8]
[5,2,19,-1,2,-3,17,11,9,13,8,10,-1,-13,6,-10]
[14,-32,14,-7,0,-5,17,3,-5,-27,17,7,12,-8,-14,-19]
[20,20,14,-5,-4,-17,4,-15,1,-17,2,14,11,-5,-23,-8]
[27,33,14,-4,-3,-27,4,-15,15,21,8,22,12,14,-15,-11]
[10,1,-2,-3,-5,-24,12,-9,6,-6,-4,15,6,1,-18,-8]
[-5,-28,-9,0,21,-5,8,0,-12,47,-1,24,10,4,-9,-18]
[7,4,-17,-4,-1,-2,20,8,15,-33,17,15,5,-23,-30,-17]
[-8,11,15,0,2,-4,15,15,28,-14,-5,14,0,-12,-14,-5]
[-11,-3,19,5,7,-16,10,-1,1,9,-27,28,-2,-3,-8,8]
[6,-27,-19,1,14,-10,20,4,-20,50,4,23,19,-5,-21,-4]
[4,17,-17,-10,1,-6,18,17,51,-28,48,20,6,-15,-22,-6]
[1,-28,27,1,3,-4,20,23,32,-61,9,21,-3,-11,-15,-5]
[0,7,22,4,4,-17,19,0,-32,40,-31,28,8,-10,-12,13]
[12,-31,-6,2,7,-23,18,-9,-3,27,5,18,26,1,-37,9]
[-9,36,-11,-2,2,-25,10,-13,55,-51,8,15,3,-2,-35,20]
[-13,36,1,8,17,-15,9,-3,41,21,9,16,-2,5,-6,4]
[8,-35,-9,-2,4,-14,26,2,-37,-33,14,16,1,2,-6,0]
[3,-7,7,-3,5,-5,14,-2,10,20,-11,8,10,1,-18,-3]
[15,-2,6,-7,-2,-14,4,-8,-4,15,17,11,21,9,-25,-9]
[9,-9,16,-9,-5,-19,9,-10,0,-45,1,16,12,7,-36,-6]
[13,18,3,3,11,-6,16,9,25,79,7,14,22,-1,-19,-14]
[15,-4,-4,6,2,3,22,25,45,-41,37,18,-3,-22,-13,-16]
[5,-10,16,7,3,1,19,10,-23,-32,0,16,1,-13,-15,-2]
[1,52,12,1,0,-21,8,-17,-2,35,-16,23,16,7,-12,22]
[10,-21,-2,-7,-4,-31,24,-15,24,11,23,27,26,13,-33,-4]
[7,-52,-12,-6,-8,-28,21,-10,52,-50,0,21,12,-2,-55,-8]
[-2,32,-4,11,9,-14,5,-7,5,31,-24,18,4,-4,-16,2]
[3,11,-12,7,17,-15,12,1,-25,10,9,28,-5,-3,6,2]
[6,-23,-4,2,14,-6,20,5,43,-8,22,17,-8,-2,-19,-1]
[12,21,5,-4,8,-5,12,7,-30,-18,25,16,-13,-6,-12,-3]
[11,1,15,-3,5,4,16,11,22,10,15,5,-6,-5,-6,-12]
[13,-3,19,-10,1,1,12,7,0,-33,11,8,6,-7,2,-15]
[19,-2,13,-11,2,-3,18,0,-22,19,5,6,19,-10,2,-22]
[17,9,6,-12,-1,-13,10,-10,11,-31,5,11,19,-10,-12,-18]
[16,44,6,-5,-1,-29,1,-22,12,6,1,22,12,0,-4,-8]
[28,4,6,-6,-4,-37,8,-18,7,1,14,29,9,13,-11,-9]
[10,6,-2,-3,-7,-26,9,-10,-2,6,-5,16,6,-1,-18,-5]
[0,-27,-2,0,20,-10,8,-3,-17,32,-8,22,1,5,-5,-15]
[11,5,-15,-1,5,-5,17,3,5,-6,10,14,0,-18,-15,-17]
[-6,13,7,-4,3,-3,13,16,16,-18,6,11,2,-13,-12,-9]
[-13,-7,21,4,4,-10,12,7,16,0,-19,20,-4,-7,-4,2]
[0,-18,-4,-1,14,-11,16,1,-11,36,-6,20,13,-5,-16,1]
[12,12,-25,-7,11,-5,20,6,16,18,42,12,19,-6,-21,-4]
[4,8,9,-8,6,-9,13,16,38,-77,25,21,-8,-7,-9,-2]
[-5,-2,31,11,4,-7,16,13,26,49,-27,20,-13,-9,9,-3]
[5,-11,7,15,3,-18,21,1,-30,-5,-14,23,0,-12,-8,9]
[-10,3,-7,4,21,-19,21,-6,-35,-6,0,25,24,-6,-38,18]
[0,-5,-9,1,17,-15,29,-2,86,34,36,15,30,7,-42,4]
[1,-17,5,-11,12,-17,22,-7,10,-98,22,24,7,-2,-32,-8]
[7,27,9,3,18,-15,16,-11,0,78,-11,17,18,9,-6,-7]
[21,-2,1,1,1,-23,16,-15,4,-43,19,17,16,3,-3,-17]
[4,11,23,-2,2,-24,14,-20,-24,-17,-24,22,8,3,-18,-6]
[12,1,-6,-2,19,-10,21,0,11,78,-4,17,30,-3,-24,-8]
[11,1,-20,-2,3,4,24,22,59,-32,41,9,4,-23,-23,-15]
[-4,11,20,3,6,-3,12,19,18,-56,8,23,-18,-17,-12,-4]
[7,-9,19,8,5,-19,16,-4,5,62,-5,24,4,8,-5,-2]
[18,-35,-8,1,3,-28,22,-15,-20,-36,9,21,23,4,-31,-2]
[-10,50,-12,-2,14,-19,19,-14,2,12,-13,15,26,-7,-35,11]
[-10,23,-6,1,18,-15,18,4,61,15,15,18,12,3,-17,6]
[6,-44,-4,1,15,-12,22,3,7,-36,14,19,-2,4,-26,0]
[18,36,2,2,10,-7,19,6,-27,50,26,15,6,9,-16,-2]
[12,-19,16,-5,3,-2,17,3,16,-68,16,11,9,-6,-41,-14]
[15,19,6,-7,7,2,15,-6,-3,41,7,1,18,-5,-24,-12]
[19,7,3,-21,4,-12,4,-16,26,-50,17,7,19,-2,-17,-8]
[19,13,1,-13,3,-19,4,-24,1,16,-3,8,22,3,-8,-10]
[15,33,-7,-10,-3,-33,3,-28,2,-2,5,18,15,6,-4,-4]
[16,8,-6,-4,-4,-41,7,-29,9,8,13,24,15,17,-12,-6]
[31,0,1,-3,-1,-41,10,-21,9,3,16,26,12,25,-19,-7]
[12,16,-1,-1,-3,-23,9,-9,-14,12,-4,16,9,4,-16,-8]
[4,-24,3,5,17,-17,9,-7,-25,-4,-5,23,-4,6,-1,-12]
[14,-12,-9,2,10,-12,18,-6,-3,31,-8,13,1,-10,-8,-17]
[0,9,-5,-10,5,-8,11,2,19,-19,13,10,5,-7,-10,-9]
[-7,8,14,-2,1,-12,9,2,4,-8,-9,16,2,-4,1,-1]
[0,-11,7,1,16,-11,11,0,1,35,-11,21,8,-4,-11,1]
[20,1,-17,-2,18,-5,16,7,2,30,37,20,13,-5,-22,-7]
[4,12,5,-11,3,-5,17,13,26,-67,34,16,-4,-7,-25,0]
[-9,-8,28,2,6,-5,16,12,-8,26,-18,16,-2,-9,-12,-5]
[6,-22,12,8,3,-14,17,8,65,25,-14,21,-6,-12,-12,-3]
[-12,13,4,8,17,-17,26,6,12,-30,2,31,-10,-13,0,3]
[5,7,-22,8,14,-24,25,-3,-63,38,22,22,6,-8,5,8]
[-2,13,-1,-4,-1,-27,8,-15,66,-72,10,24,-7,4,-13,11]
[9,28,7,3,3,-28,2,-14,-23,49,7,28,-1,13,12,-11]
[29,-44,3,-7,-19,-31,15,-18,5,-51,5,24,-2,2,-23,-14]
[5,20,23,0,-7,-29,4,-20,16,17,-40,28,-4,6,-21,-1]
[7,0,-6,-4,14,-21,14,-11,-20,48,-12,24,27,1,-21,2]
[10,-3,-31,-15,1,-9,20,1,12,-2,34,13,25,-13,-30,-1]
[-3,11,3,-8,1,-9,6,11,71,-44,14,14,5,-5,-17,5]
[9,-6,3,7,5,-21,6,-3,0,33,-2,20,-6,6,3,-2]
[15,10,-1,11,7,-29,14,-10,16,-13,-13,28,-14,0,-5,9]
[-4,28,-2,11,22,-20,19,-1,-16,21,-3,30,-4,-8,3,12]
[2,-27,-10,-1,13,-14,29,7,-12,3,20,17,4,-8,-11,14]
[4,27,7,-1,2,-14,14,-1,42,-8,15,16,3,2,-11,11]
[22,-3,10,-2,4,-14,12,6,-10,13,22,16,5,9,-4,-12]
[16,8,10,5,-5,-7,10,0,29,-28,-1,16,-8,-16,-11,-5]
[11,21,4,6,4,-5,6,-4,-15,10,2,13,4,-15,2,-2]
[17,-8,-2,-6,-2,-24,8,-22,7,-36,2,17,8,-5,-17,10]
[15,10,-1,-1,-1,-34,4,-27,15,14,-9,20,17,13,-22,9]
[19,5,-6,3,-3,-39,13,-24,20,6,5,22,18,19,-24,4]
[24,0,-2,6,1,-38,23,-19,-4,-10,12,24,21,21,-32,0]
[30,14,5,7,8,-32,25,-10,5,12,9,24,17,21,-37,-6]
[10,8,1,1,3,-17,18,-3,9,-2,-8,12,12,0,-29,-5]
[8,-29,9,5,6,-20,14,-8,-8,-61,3,30,-4,10,-14,-11]
[6,-9,-2,9,11,-15,19,-13,-12,65,-32,15,9,-3,-12,-15]
[0,9,-12,-8,4,-15,8,-11,18,-19,15,13,10,-3,-17,-5]
[-6,-5,7,-3,4,-18,7,-8,10,-19,-4,17,3,2,-16,-1]
[3,-7,1,1,25,-14,6,-4,13,46,-9,25,5,2,-13,-1]
[21,5,-14,1,24,-5,17,8,10,22,39,24,5,-5,-15,-15]
[7,23,10,-7,5,-1,23,17,9,-52,44,16,-9,-12,-8,-17]
[-17,-13,36,3,10,-1,21,6,-20,-18,-29,12,7,-8,-10,-2]
[-8,10,6,1,8,-11,26,-6,-46,64,-25,19,36,-9,-14,4]
[-14,-3,-1,-13,3,-18,31,4,103,-20,17,24,24,-5,-38,-7]
[1,-28,2,-3,-3,-25,19,1,-7,-37,13,22,17,3,-42,-6]
[10,27,9,-6,-12,-34,8,-12,-36,14,17,26,6,20,-34,6]
[16,-49,9,-10,-12,-23,13,-12,19,-18,11,16,25,22,-61,-19]
[18,24,1,-12,-15,-24,13,-20,-10,-9,-11,16,21,5,-59,-14]
[-2,36,9,-7,1,-26,6,-17,25,16,-29,24,20,7,-35,-2]
[1,-22,1,-5,14,-23,18,-11,18,13,-13,26,24,3,-39,4]
[2,0,-16,-6,9,-14,21,-5,-15,9,11,19,35,-4,-53,10]
[-10,21,-6,-17,5,-15,15,0,15,-18,16,15,32,-1,-52,19]
[-6,2,-2,-5,5,-20,17,-6,65,9,1,13,24,13,-44,21]
[12,25,-2,-1,2,-30,12,-6,11,13,9,27,5,13,-18,12]
[12,-24,11,1,-3,-18,19,8,18,-4,9,24,-5,6,-24,6]
[9,3,14,0,-9,-13,17,6,-34,-1,3,16,4,0,-30,11]
[15,12,12,-7,-10,-20,11,-3,-24,28,9,17,20,9,-37,-1]
[17,-32,5,-13,-7,-20,9,-5,43,-23,2,12,19,9,-59,-11]
[16,35,1,-9,-7,-18,-3,-2,13,27,-1,16,3,-8,-30,-8]
[14,-28,7,-7,-4,-14,4,3,38,-33,1,16,-7,-9,-28,-1]
[20,17,7,-3,-3,-27,11,-11,16,3,-14,21,-5,1,-20,12]
[19,7,7,-1,-1,-36,22,-15,5,-4,-16,24,9,10,-20,13]
[23,-4,2,3,0,-35,29,-12,3,7,-6,23,16,9,-29,11]
[26,6,7,5,9,-28,31,-3,23,-14,-2,25,18,7,-40,5]
[22,21,6,9,7,-19,33,6,21,4,-1,21,5,-3,-33,1]
[3,16,-4,1,3,-11,19,6,7,-13,-14,8,5,-10,-17,7]
[10,-17,10,1,4,-17,18,-7,9,-94,4,34,-6,9,-28,-10]
[-6,-2,7,10,15,-10,19,-12,-4,73,-41,20,14,-3,-21,-17]
[5,-10,-11,-9,1,-17,12,-16,24,-30,10,16,15,-7,-30,-2]
[-6,6,9,-5,4,-20,6,-15,14,-23,-9,19,8,3,-26,11]
[-1,13,1,3,25,-15,9,-8,6,47,-10,26,17,6,-19,9]
[15,10,-12,1,11,-6,25,5,9,6,47,22,13,-4,-15,-13]
[9,-9,9,-15,-2,-2,30,14,-19,-66,32,16,8,-10,-28,-28]
[-13,7,33,0,4,-14,2,-1,43,3,-32,24,-2,-1,-16,-12]
[-3,5,14,7,1,-19,8,-15,-30,39,-27,24,17,0,-1,-9]
[2,-12,-20,-12,3,-17,30,-15,-63,-1,16,25,38,-6,-28,-7]
[2,-11,-6,-9,10,-14,25,-8,74,-26,22,15,47,0,-70,-9]
[5,23,3,3,19,-15,24,-5,24,-1,17,15,31,5,-45,-16]
[3,22,-2,2,22,-22,28,-8,-15,-19,-1,18,21,-2,-20,-9]
[-4,44,-3,2,22,-20,26,-9,20,18,-17,19,10,-10,-3,-2]
[-7,4,-5,2,23,-23,23,-7,17,-10,-16,28,2,-14,3,4]
[0,-8,1,4,29,-22,22,-1,-6,10,-15,31,3,-7,-4,13]
[3,22,7,5,20,-16,26,4,12,16,-1,27,5,-16,-11,12]
[-11,21,8,1,10,-16,26,3,4,-33,5,22,10,-17,-8,22]
[-6,16,6,3,9,-25,24,-4,-31,18,8,22,34,4,-13,31]
[10,-29,7,-3,1,-24,26,-8,6,-6,17,17,42,10,-55,12]
[13,-1,11,-11,-7,-20,18,-4,12,2,8,13,35,3,-63,-2]
[9,11,15,-8,-5,-19,8,-3,42,0,4,14,25,4,-45,-8]
[12,2,7,0,2,-25,9,-12,-1,-3,-3,18,24,5,-31,-11]
[7,41,-3,-5,5,-29,13,-16,-11,2,-9,20,20,-1,-19,1]
[4,7,-7,-7,9,-19,14,-7,15,9,-3,13,26,-3,-24,-2]
[7,15,1,-4,2,-14,16,0,20,-21,-5,12,15,-5,-15,6]
[8,16,13,-3,-1,-16,22,4,7,4,-13,18,12,0,-13,3]
[13,-21,17,-5,-4,-22,26,1,23,-16,-19,19,9,-2,-33,6]
[17,7,11,1,-1,-21,23,2,6,10,-15,20,16,0,-32,11]
[21,15,11,0,9,-14,26,13,-2,-13,-5,25,17,-4,-37,6]
[14,5,6,1,-2,-3,31,23,25,1,-5,15,5,-18,-39,5]
[-2,5,-2,-8,2,-2,11,16,23,-16,-6,3,2,-11,-22,9]
[12,18,6,6,6,-11,10,2,33,-65,5,30,-22,2,-12,-10]
[-9,-14,5,14,23,-3,18,-1,-26,28,-26,26,-6,-14,-6,-18]
[14,-14,-9,-4,5,-14,23,-14,3,-9,1,20,7,-13,-21,2]
[-2,11,17,-4,6,-21,11,-13,25,-23,-12,20,9,0,-14,13]
[3,-14,9,-1,25,-17,10,-9,-9,30,-2,26,21,6,-27,6]
[23,-15,-9,-8,2,-9,25,-6,4,8,42,17,25,1,-38,-12]
[2,19,6,-26,3,-10,18,-7,-10,-74,18,13,19,-3,-43,-25]
[-12,48,6,-14,5,-24,-5,-21,22,37,-24,23,17,7,-20,-11]
[5,-17,-3,-4,10,-30,-2,-19,34,8,-18,32,1,3,-20,-12]
[17,-7,-2,2,29,-23,17,-11,2,23,1,35,3,-1,-31,-9]
[8,60,-10,-1,30,-15,36,5,-37,3,25,36,3,-15,-13,-4]
[-4,10,-1,1,18,-11,38,12,28,-18,9,24,-15,-23,-20,-3]
[-5,21,7,5,12,-18,16,6,31,1,-13,24,-38,-15,-6,12]
[-3,4,-6,4,11,-21,10,5,7,26,-12,26,-39,-12,9,12]
[1,-16,-7,1,4,-22,9,4,31,-5,-6,25,-32,-9,7,15]
[5,5,8,8,8,-19,7,7,-5,8,-13,30,-26,-2,7,13]
[13,-13,9,8,-1,-13,14,14,-24,20,-8,25,-22,-13,-10,4]
[8,-14,17,-2,-8,-14,9,15,25,-16,1,24,-23,-14,-22,10]
[14,-16,24,2,2,-20,10,7,12,6,4,25,-4,6,-21,9]
[18,18,15,5,1,-24,17,-5,-19,0,2,25,16,-1,-23,5]
[4,24,7,2,4,-22,16,-8,-9,-1,-8,18,23,-12,-23,0]
[1,17,-3,-3,7,-23,15,-9,13,5,-5,18,15,-7,-19,1]
[3,15,0,-1,5,-30,15,-11,38,-8,-8,24,-2,-2,-18,2]
[4,10,3,1,7,-31,17,-9,22,9,-11,27,-10,-1,-12,1]
[4,6,-1,-2,4,-26,20,-7,-2,-1,-8,23,-8,-6,-8,5]
[3,14,4,-4,2,-21,17,-2,10,9,-7,21,-3,-8,-4,2]
[3,-8,5,-5,0,-16,20,4,22,-10,-9,17,2,-9,-6,0]
[4,16,6,-2,-2,-19,16,1,-1,-4,-15,20,4,-10,1,6]
[9,4,8,2,2,-21,16,1,-2,8,-7,23,8,-4,-3,3]
[17,-9,9,-2,13,-12,19,11,-4,-16,-2,26,7,-7,-23,0]
[10,15,-1,-1,-1,0,24,19,2,13,-1,13,6,-24,-22,7]
[-6,11,-3,-14,7,2,9,14,18,-22,6,1,4,-14,-7,8]
[18,18,-3,0,7,-5,0,14,37,-5,15,23,-24,-2,-12,-10]
[-2,-17,8,16,12,3,11,14,47,-6,-5,21,-32,-17,0,-13]
[19,-6,-2,4,8,-12,16,-4,-36,-4,2,25,-19,-14,2,-2]
[15,-28,16,-5,15,-18,8,-10,16,-14,-15,26,-6,-6,-7,7]
[14,8,12,7,26,-15,10,-11,38,25,0,25,7,2,1,4]
[19,14,-3,-8,6,-20,21,-15,-54,-31,36,23,13,-8,2,-11]
[-3,18,12,-17,3,-24,11,-22,3,-31,-11,18,5,-4,-22,-7]
[-9,17,0,-7,10,-29,-1,-29,2,31,-21,25,15,6,-23,-5]
[4,0,-20,-3,25,-23,16,-20,15,5,-6,30,12,3,-30,6]
[15,37,-1,-1,32,-16,20,4,-3,33,25,46,-3,-8,-24,-5]
[5,-35,3,-10,14,0,33,24,12,-17,20,33,-22,-24,-50,-13]
[-2,14,1,-7,-2,0,22,22,-23,7,4,15,-14,-18,-40,13]
[-3,18,7,-3,-1,-6,6,13,1,4,1,10,0,-1,-29,13]
[0,-13,4,-3,-2,-7,8,7,10,0,-4,5,11,2,-34,7]
[7,7,1,-10,-5,-13,7,3,-7,5,4,10,15,3,-25,4]
[12,-18,9,-9,-3,-13,7,5,26,-2,1,13,14,11,-30,-5]
[16,-12,4,-3,-6,-9,8,5,1,2,-8,8,11,-3,-31,-7]
[12,20,5,-5,-5,-9,6,5,-11,-3,-4,10,7,-6,-18,1]
[13,14,13,-3,1,-17,8,3,25,-2,0,18,1,5,-12,-1]
[13,6,12,1,-1,-26,10,-2,22,-1,-8,25,-12,-3,-15,-5]
[5,2,7,1,-1,-27,10,-4,16,-2,-15,25,-20,-13,-13,2]
[1,8,-2,1,3,-26,12,-7,8,12,-8,23,-15,-6,-4,8]
[4,7,-5,-3,2,-30,14,-10,1,-5,-1,24,-8,-1,-5,8]
[6,4,0,-2,-1,-27,14,-8,20,10,-2,21,-4,1,-9,2]
[5,-2,5,-5,-1,-24,11,-7,11,-10,-5,21,-7,-2,-13,-2]
[2,3,0,-6,1,-21,12,-8,-2,17,-7,17,0,-4,-14,0]
[-2,12,-5,-9,-1,-22,10,-8,10,-2,1,17,3,-3,-10,4]
[-1,1,1,-7,0,-25,7,-8,11,3,-2,22,2,2,-10,2]
[6,-17,0,-6,3,-26,11,-9,5,9,-1,23,-1,3,-18,-1]
[13,23,4,-4,14,-15,13,1,9,6,0,24,0,2,-15,1]
[5,14,2,-3,2,-3,18,14,-8,1,5,13,-4,-22,-9,5]
[-5,-6,1,-14,7,3,9,12,14,-13,6,0,-5,-15,-8,8]
[16,11,-3,-4,7,5,8,17,10,27,9,12,11,-4,-34,-2]
[5,3,-2,3,2,7,10,24,43,-3,13,10,-4,-22,-14,-8]
[16,-30,4,1,2,0,10,9,51,-26,7,13,-17,-8,-5,-5]
[20,-5,11,-3,18,-15,2,-11,-15,-24,-19,27,-24,-4,3,10]
[29,5,5,0,20,-17,9,-11,8,54,15,29,-5,5,12,-3]
[25,-45,9,-17,-4,-23,13,-18,20,-96,25,24,-5,-9,-24,-15]
[7,26,19,-9,0,-30,-1,-28,-27,30,-28,26,-5,3,-26,-2]
[6,1,-3,-4,19,-32,6,-29,19,24,-25,32,6,7,-30,5]
[10,31,-11,0,34,-24,22,-10,9,33,23,42,4,3,-24,1]
[18,-30,-8,-9,24,-6,35,16,-17,-24,40,31,-2,-14,-40,-16]
[6,18,1,-9,2,9,20,21,-19,8,7,8,1,-20,-41,-4]
[-5,34,12,-3,1,3,1,14,1,3,7,4,10,-7,-23,2]
[-4,2,6,1,3,-6,5,1,10,-3,1,6,14,-1,-22,3]
[-4,18,-2,1,3,-11,8,-6,14,8,2,9,17,-4,-13,5]
[-1,6,-3,-1,3,-15,11,-9,14,-9,6,9,16,-1,-11,1]
[1,15,-6,-1,4,-17,12,-11,-1,3,2,10,15,2,-7,1]
[0,13,-5,-1,1,-17,10,-10,10,0,-2,10,14,-2,-8,1]
[2,8,1,-1,2,-18,7,-8,20,3,-1,12,7,-1,-6,1]
[5,3,1,-3,2,-22,10,-8,6,2,3,17,2,2,-7,-1]
[5,-2,-1,-3,-1,-23,11,-10,9,1,-2,16,0,0,-16,0]
[1,12,1,-3,-1,-24,8,-9,9,3,-6,18,-3,-1,-14,3]
[2,5,2,-4,0,-25,9,-9,12,11,-2,19,-3,2,-10,2]
[4,0,2,-4,-3,-27,11,-12,20,-2,2,19,-2,5,-12,2]
[7,-3,-1,-5,-3,-26,11,-12,-13,4,3,18,5,3,-16,-3]
[3,-5,-2,-5,-2,-23,10,-14,19,2,-5,17,8,1,-25,-2]
[-2,11,-4,-5,3,-25,7,-17,9,10,-1,19,12,1,-19,0]
[0,2,-6,-6,6,-28,10,-20,4,1,6,21,16,6,-21,2]
[1,3,0,-7,6,-29,13,-19,5,0,2,22,17,8,-26,2]
[-1,25,4,-3,2,-26,18,-17,18,15,-2,19,14,6,-16,3]
[8,15,8,-5,6,-19,16,-4,-10,-2,9,22,12,3,-16,-6]
[7,-29,5,-4,-5,-3,17,6,13,-14,-2,9,10,-19,-39,1]
[-2,13,-2,-15,5,3,2,5,14,2,3,1,8,-12,-21,9]
[17,12,5,-2,11,2,9,15,6,42,4,20,15,-4,-25,-3]
[-1,0,-9,4,7,8,14,19,5,-8,9,6,7,-31,-25,2]
[0,10,-5,-4,4,6,12,11,23,-7,17,4,-4,-10,-3,7]
[12,-2,11,-3,9,-10,-1,-6,60,-31,-2,20,-18,8,2,5]
[37,-33,-2,-1,9,-16,5,-16,-35,15,23,19,-7,9,3,-16]
[31,2,3,-14,-9,-24,7,-28,-10,-75,7,19,-1,-3,-29,-10]
[3,18,21,-4,9,-26,-1,-32,14,16,-40,24,5,8,-26,-3]
[4,19,-8,0,26,-30,5,-27,19,41,-15,39,16,9,-24,11]
[14,-5,-14,-7,23,-15,25,0,2,7,48,36,7,-8,-30,-8]
[10,-11,-1,-9,2,2,23,15,2,-38,17,17,-1,-20,-46,-7]
[-2,36,9,-3,3,1,2,12,-29,29,3,8,2,-12,-22,1]
[-3,-4,8,-2,4,-8,4,4,23,-2,2,9,3,-4,-21,3]
[-6,21,1,1,6,-15,7,-5,23,9,-2,13,-1,-3,-7,6]
[-4,10,-3,0,5,-19,10,-6,5,3,6,16,-1,-4,-2,6]
[-1,-4,0,-2,2,-20,12,-8,14,-4,5,16,-2,-2,-9,5]
[-1,1,1,-2,2,-22,9,-11,17,8,3,17,0,2,-12,3]
[0,0,-1,-1,0,-23,8,-12,14,5,3,17,2,1,-11,3]
[2,2,-1,-1,-1,-22,7,-11,4,6,5,17,3,1,-10,0]
[3,-6,0,-3,0,-22,9,-13,13,1,4,16,4,2,-16,0]
[3,14,0,-2,-2,-24,8,-14,6,9,4,17,7,3,-13,1]
[1,7,3,-1,-2,-25,8,-14,7,1,2,18,8,4,-13,-1]
[3,-5,3,-1,-2,-24,11,-15,-2,4,0,18,11,3,-21,-2]
[5,-1,1,-6,-2,-25,11,-15,8,7,2,18,12,2,-26,-4]
[1,-3,0,-6,1,-23,10,-16,33,-7,-6,16,9,-1,-26,-3]
[-3,30,-6,-2,4,-25,7,-16,10,12,-5,19,3,-3,-6,4]
[-2,-1,-6,-3,7,-29,11,-18,12,-9,0,24,1,0,-6,6]
[5,13,-2,0,6,-34,14,-21,15,11,4,27,2,10,-5,6]
[4,25,8,1,0,-36,17,-20,-2,-10,0,28,2,8,-2,2]
[5,-7,10,0,-5,-31,18,-16,-12,17,-3,24,7,-1,-12,-7]
[13,-34,6,-6,5,-16,14,-8,15,-17,-2,17,11,-5,-40,-12]
[4,29,-4,-5,4,-2,10,0,8,3,-6,11,12,-22,-27,8]
[-8,20,-9,-16,13,0,6,3,15,-11,8,4,10,-14,-2,12]
[18,2,8,-2,10,-2,9,15,13,44,0,25,3,-2,-22,-6]
[-4,12,1,4,4,3,9,18,5,-10,5,13,0,-32,-24,6]
[-11,4,-1,-1,7,7,13,11,-4,-1,12,5,5,-9,-12,14]
[7,6,-4,-11,7,-8,5,-3,23,0,17,11,0,3,-1,4]
[28,-27,1,-2,3,-8,6,-9,54,-23,25,8,-4,7,-7,-15]
[26,19,6,-6,6,-25,8,-26,-40,-63,-2,26,-12,-1,-14,-6]
[-2,0,15,4,16,-28,10,-31,21,30,-52,31,-1,9,-16,4]
[0,3,-12,1,29,-26,10,-20,15,40,9,38,16,6,-13,1]
[14,-34,-17,-10,11,-10,24,-2,-17,-45,37,26,15,-11,-54,-8]
[-1,28,4,-8,5,-3,10,6,-9,14,8,10,8,-12,-44,0]
[-8,16,7,-3,7,-6,3,4,43,4,8,7,3,0,-24,1]
[-7,15,0,-2,5,-17,7,-6,-16,-8,-2,17,-3,-2,-6,6]
[-6,1,-3,-2,4,-19,11,-8,19,29,-3,15,-1,2,-8,6]
[-2,-4,-5,-3,-1,-20,9,-8,34,-9,9,14,-2,0,-11,3]
[0,4,-2,1,0,-21,9,-9,1,-4,5,17,-4,0,-6,1]
[1,0,-1,1,1,-23,10,-11,5,6,2,17,3,4,-10,2]
[2,-1,-1,-1,1,-25,9,-14,10,2,4,19,6,3,-15,-1]
[2,-2,-1,-2,1,-24,9,-15,13,1,1,17,8,1,-19,-2]
[2,17,-1,-1,0,-25,8,-16,16,7,2,18,7,2,-13,0]
[4,-1,1,-5,0,-28,8,-16,3,-5,3,21,7,3,-17,-2]
[6,1,1,-3,0,-26,10,-15,28,16,-2,18,4,4,-17,-3]
[4,17,1,0,1,-26,9,-13,21,-6,0,19,-1,-1,-5,-4]
[0,9,0,2,4,-22,13,-13,-11,-4,-9,18,-2,-5,-2,-1]
[-6,16,-1,0,5,-23,12,-14,-2,7,-13,20,-1,-5,-7,7]
[-6,-7,-3,-5,6,-24,12,-13,22,3,-4,20,-1,-3,-15,6]
[0,9,-1,-4,1,-29,12,-15,30,-2,3,23,-6,5,-10,11]
[9,14,6,-1,-5,-35,15,-14,-7,6,10,27,-4,12,-5,0]
[13,-33,13,-3,-10,-33,16,-14,10,-14,-4,25,-3,5,-31,-11]
[8,-20,0,-1,1,-23,11,-15,13,12,-17,18,3,-5,-38,-11]
[4,46,-11,1,23,-16,8,-10,11,-1,-11,22,-1,-9,-12,2]
[-3,26,-9,-3,16,-9,16,1,8,-7,9,21,-7,-19,7,11]
[-6,-19,-3,-17,12,-6,14,3,18,-17,10,5,-10,-12,3,12]
[20,3,5,-1,7,-4,8,13,13,42,1,24,2,0,-19,-9]
[-1,6,2,5,3,-2,6,15,3,-10,3,17,-5,-28,-23,1]
[-13,8,9,2,4,2,12,10,8,1,7,11,1,-6,-14,12]
[-4,1,-6,-8,9,-6,10,-5,-8,-6,7,7,6,-3,-14,8]
[16,8,-12,-10,4,-7,9,-5,21,8,23,5,-2,-5,-3,-3]
[12,-3,5,1,6,-16,10,-13,70,-73,-1,18,-21,0,-7,-3]
[-6,-7,8,8,28,-31,3,-24,-37,13,-38,41,-15,8,0,2]
[8,-42,-17,7,33,-21,20,-17,26,58,4,30,12,5,-20,-6]
[1,11,-11,-5,11,-10,20,-6,1,-78,28,24,4,-18,-35,-9]
[-10,20,11,6,16,-6,11,1,-20,31,-3,11,9,-10,-29,1]
[-7,10,-1,-4,8,-14,11,-4,15,5,15,14,9,-2,-20,3]
[-10,-9,9,-5,4,-18,10,-8,37,-22,-2,16,2,-1,-25,3]
[-5,9,2,-2,4,-19,10,-13,-6,32,-7,15,10,2,-17,3]
[-3,-1,-6,-7,0,-20,13,-12,8,-10,6,14,12,-2,-23,3]
[-3,0,-2,-4,1,-19,10,-11,40,-2,3,13,6,1,-24,2]
[1,10,-4,-3,2,-24,8,-11,20,1,5,18,-1,4,-8,2]
[3,8,-4,1,0,-26,10,-13,16,5,2,18,-4,4,2,2]
[2,11,0,2,-1,-27,9,-14,-1,-2,-1,20,-4,2,3,2]
[5,-3,0,0,-1,-27,10,-14,3,12,1,20,0,2,-7,-1]
[4,0,1,-1,0,-27,10,-16,21,-8,-3,19,1,3,-15,1]
[2,21,-2,-1,3,-25,10,-14,-10,20,-4,19,3,1,-8,0]
[1,-8,-3,-3,1,-22,11,-10,25,-5,0,17,-3,-5,-17,-3]
[-3,-4,2,-2,3,-19,6,-7,33,-5,-6,19,-13,-4,-14,0]
[-4,5,2,1,7,-20,6,-9,11,11,-6,21,-12,-1,-1,5]
[-3,8,2,-1,4,-22,11,-12,-7,-3,2,21,-2,-1,3,9]
[4,11,7,-2,-4,-27,14,-13,-5,13,15,21,9,5,-1,1]
[12,-36,11,-6,-7,-27,17,-14,6,-24,6,19,13,4,-34,-14]
[5,16,0,-2,0,-24,11,-16,20,11,-22,15,7,-6,-28,-5]
[-12,40,-10,2,12,-20,7,-11,13,0,-23,18,-7,-13,3,6]
[-3,17,-11,9,20,-14,12,-1,28,17,6,24,-18,-3,9,6]
[7,-34,-6,-3,4,-10,19,5,-3,-49,26,21,-19,-13,-8,7]
[3,-11,3,-12,4,-2,9,2,0,8,0,3,-7,-6,-8,8]
[18,-2,3,-4,9,-4,10,8,19,47,1,21,7,1,-30,-10]
[-1,13,-2,3,6,-4,6,11,23,-12,7,16,-2,-25,-25,-3]
[-12,12,8,0,5,-2,13,9,-7,0,6,16,-2,-6,-10,6]
[-12,4,4,-2,6,-9,10,-5,19,-1,-2,12,0,-5,-12,9]
[2,0,-13,-4,7,-8,8,-5,-24,-2,9,6,5,-6,-10,5]
[8,16,-8,-7,0,-17,6,-7,39,-11,13,13,-12,-2,3,2]
[-9,-29,10,1,12,-22,2,-14,61,-46,-29,30,-22,11,-4,5]
[12,-16,-17,9,21,-22,6,-13,-62,72,-7,31,5,4,-4,-5]
[5,-14,-12,0,1,-11,11,-6,38,-62,14,20,-5,-15,-37,-9]
[-5,26,9,8,12,-11,2,2,14,19,3,17,-12,-8,-10,-3]
[-2,-2,-2,2,7,-17,12,-5,-7,-6,12,16,-9,-3,1,1]
[-4,12,5,2,4,-19,9,-9,3,-6,-3,17,-4,-2,1,3]
[-3,-6,8,3,6,-19,10,-11,8,15,-7,18,6,-1,-8,-2]
[-4,-4,1,-1,5,-19,14,-15,-3,-9,-5,17,9,-7,-20,2]
[-7,20,-2,-1,6,-17,13,-13,9,12,2,15,14,-5,-16,6]
[-5,0,0,-5,2,-20,13,-12,23,-17,9,16,11,1,-21,3]
[2,-7,3,-7,-1,-23,13,-12,12,6,5,17,7,5,-26,-1]
[5,-9,4,-7,-3,-25,10,-13,30,0,-1,18,3,4,-29,-3]
[5,7,0,-4,-1,-25,9,-14,16,9,-4,17,2,2,-18,-2]
[3,17,0,-3,-1,-27,8,-13,14,6,-1,21,-3,1,-5,0]
[0,-15,-1,0,2,-22,9,-11,21,3,-2,18,-3,-1,-11,-2]
[-2,7,-8,0,3,-17,7,-10,-3,4,-1,15,-1,-6,-8,2]
[-7,18,-5,0,6,-13,6,-7,14,0,3,14,-1,-3,1,5]
[-2,5,3,-1,3,-16,8,-6,15,0,9,18,-1,2,5,2]
[8,-10,14,-5,-3,-22,8,-11,5,-4,12,22,0,6,-3,-4]
[17,-21,12,-7,-7,-25,11,-15,-12,9,7,18,12,5,-18,-13]
[6,19,7,-2,-4,-24,12,-19,11,-7,-17,17,9,-4,-22,-5]
[-13,41,-2,3,6,-22,8,-12,-4,23,-22,21,5,-11,-9,4]
[-20,-28,-7,-3,8,-18,12,-6,23,-11,-9,21,-4,-10,-20,12]
[4,-9,-12,-5,10,-8,17,5,12,36,30,15,2,4,-16,0]
[10,-13,-5,-11,-2,-4,17,4,23,-78,28,13,-3,-13,-25,1]
[2,19,5,-10,5,1,3,0,-6,22,-7,1,2,-1,-7,5]
[12,3,5,4,14,-2,17,14,-13,44,2,26,9,-7,-21,-16]
[-6,12,-3,8,9,-2,19,19,22,3,13,16,0,-33,-19,-14]
[-18,-3,9,4,6,-3,18,15,-1,-23,9,17,-2,-12,-14,-6]
[-15,10,10,7,7,-9,14,7,-6,29,-1,15,1,-13,-5,-3]
[-14,-2,7,6,4,-5,13,7,8,-23,3,10,5,-18,-14,1]
[-8,4,-3,4,6,-4,13,5,-29,8,2,5,10,-16,-12,1]
[-11,9,6,4,6,-16,5,4,45,-12,-9,20,0,-2,0,4]
[-2,-47,3,11,12,-14,3,5,-10,6,-10,19,6,-1,-14,-13]
[4,22,-8,10,3,-9,9,1,-31,1,-4,16,2,-14,-29,-6]
[-6,12,2,5,11,-6,9,12,21,-6,13,12,0,-8,-21,-9]
[-4,-9,6,1,7,-12,9,8,16,-14,6,15,-13,-10,-17,-9]
[-2,6,6,5,11,-13,5,5,23,17,-6,17,-17,-7,-2,-9]
[-1,4,3,10,10,-16,8,4,10,2,-4,20,-16,-11,9,-10]
[-7,6,6,13,12,-16,11,3,-4,-3,-8,23,-17,-16,11,-9]
[-4,-7,5,11,14,-16,14,1,-15,9,2,22,-6,-13,2,-9]
[1,-6,8,3,9,-16,16,-3,-1,-14,10,20,3,-10,-9,-8]
[0,9,13,2,9,-14,17,-5,-3,0,4,15,13,-8,-11,-11]
[-1,22,12,3,5,-16,16,-5,-7,2,-1,15,16,-9,-11,-10]
[-5,4,12,1,0,-18,17,-4,-1,-1,-4,16,15,-11,-20,-11]
[-6,-14,6,0,2,-17,15,-4,13,6,-6,14,13,-10,-32,-9]
[-8,9,-1,4,5,-16,11,-3,22,8,0,15,10,-9,-24,-4]
[-13,10,1,7,6,-14,11,1,10,-5,4,17,3,-11,-11,-5]
[-9,-1,5,6,5,-11,12,3,5,6,13,16,1,-8,-3,-6]
[4,-11,11,1,0,-12,13,3,-1,-9,23,15,7,-4,-6,-13]
[14,-3,19,0,-4,-13,11,-3,2,-6,14,14,11,-4,-13,-21]
[12,5,19,0,-4,-19,10,-9,-18,-9,-11,16,12,-9,-23,-20]
[-2,19,10,6,3,-23,9,-9,7,32,-22,22,6,-13,-22,-12]
[-15,-24,-3,5,13,-17,15,1,30,2,-4,21,6,-18,-28,-8]
[-20,20,-5,9,15,-9,19,6,10,7,7,20,8,-15,-11,5]
[-9,-2,-6,1,22,-1,26,14,-49,1,29,17,15,-15,-5,-10]
[-6,14,1,-2,3,3,23,13,32,-21,16,7,4,-24,-19,4]
[-10,13,5,-10,8,1,6,7,17,-14,5,3,2,-8,-4,4]
[7,-7,6,8,8,-4,20,18,-10,11,3,31,-3,-13,-8,-17]
[-5,6,-11,5,10,-6,25,19,-4,26,11,18,5,-33,-6,-13]
[-16,9,3,1,7,-8,25,15,29,-36,16,19,4,-10,-1,-9]
[-13,6,6,8,11,-13,25,10,-4,21,4,18,5,-11,10,-15]
[-10,1,5,7,6,-9,25,14,7,-11,8,18,2,-20,7,-10]
[-15,3,9,11,7,-4,22,12,4,-7,0,13,6,-22,2,-6]
[-11,12,3,5,8,-10,21,9,-5,4,6,14,9,-16,10,-3]
[-10,-17,6,8,8,-10,21,11,17,-24,-2,14,8,-15,3,-5]
[-3,13,1,13,9,-9,19,9,-17,21,0,15,8,-15,2,-12]
[-5,3,-3,6,9,-8,21,11,6,-19,16,10,6,-15,-3,-11]
[-12,14,2,5,9,-7,17,9,-1,-24,3,11,1,-16,0,-6]
[-9,16,2,7,10,-8,17,9,6,19,0,12,3,-10,7,-9]
[-5,-14,-3,2,7,-11,18,10,12,-22,5,17,-3,-13,-1,-14]
[-4,-9,0,4,8,-11,17,10,23,6,-1,18,-10,-13,-2,-15]
[-1,0,-1,5,10,-13,18,8,18,-5,10,21,-14,-11,4,-17]
[2,9,2,5,9,-17,19,4,-2,-11,12,23,-16,-13,7,-17]
[3,4,8,6,8,-19,18,3,6,1,7,24,-13,-12,9,-20]
[6,-6,9,7,5,-19,20,4,6,0,7,24,-10,-15,6,-23]
[1,-10,8,6,4,-17,21,3,-7,-11,-3,22,-2,-21,-2,-18]
[-9,14,3,8,10,-15,22,1,-5,13,-9,21,6,-21,0,-9]
[-13,16,-5,9,11,-15,25,3,10,7,9,20,11,-17,4,-9]
[-14,-9,-2,4,9,-15,26,5,11,-26,14,19,7,-15,-2,-10]
[-6,6,2,6,7,-13,25,6,17,15,20,15,9,-8,4,-15]
[4,5,5,2,4,-15,24,4,1,-32,25,17,8,-10,6,-24]
[11,7,9,3,4,-16,20,0,4,1,8,17,6,-14,2,-27]
[5,6,11,3,6,-21,15,-5,19,-20,-13,23,0,-16,-4,-18]
[-7,3,-1,7,15,-20,17,-5,-8,25,-19,25,5,-18,-1,-10]
[-17,12,-11,4,17,-15,27,3,18,4,2,25,8,-20,1,-1]
[-19,16,-5,5,14,-12,31,17,16,10,29,27,7,-18,7,-10]
[-14,-37,8,0,16,-5,32,21,13,-48,16,24,-2,-20,-14,-10]
[-11,37,5,2,5,-4,23,17,-29,43,13,16,6,-26,-2,3]
[-10,-16,4,-9,2,-4,10,10,32,-50,16,7,5,-10,-11,-1]
[8,-3,1,-5,0,-2,14,12,9,-10,-2,11,-2,1,2,-6]
[1,17,-6,-7,8,-4,11,12,-31,30,7,4,7,-8,10,-6]
[-2,7,0,-13,3,-4,17,8,9,-16,16,6,6,3,8,-5]
[1,-3,1,-11,5,-7,16,5,13,5,6,5,7,2,6,-13]
[4,4,-1,-9,2,-3,15,9,-5,2,3,6,5,-4,10,-9]
[-2,8,5,-4,2,0,14,11,0,1,2,5,5,-7,11,-6]
[-1,-1,4,-6,3,-1,17,9,-3,-1,6,2,7,-5,7,-7]
[-2,13,4,-8,2,-3,17,8,-7,-2,4,4,8,-3,10,-3]
[0,-1,2,-4,5,-2,18,9,-10,13,5,3,11,-4,7,-10]
[2,4,-2,-9,3,-3,17,8,-10,-4,13,2,7,-5,-1,-11]
[-4,12,5,-9,3,-3,12,7,7,-11,5,3,3,-2,1,-6]
[0,3,2,-7,5,-2,15,6,-9,18,8,2,7,0,8,-10]
[0,4,-3,-8,2,0,16,3,-10,-19,3,0,10,-4,3,-6]
[-3,23,-3,-7,6,1,16,5,-27,15,4,0,17,-1,8,-6]
[1,1,-4,-12,4,-1,19,6,-1,-4,15,3,16,-1,0,-13]
[5,-5,0,-13,3,-5,15,6,12,-12,11,6,9,-1,-6,-18]
[9,1,-2,-12,3,-7,12,5,3,-1,9,8,1,-1,-1,-20]
[12,4,-5,-11,2,-7,12,5,2,-2,7,8,-3,-4,5,-19]
[5,16,1,-9,2,-8,10,5,7,-6,-5,11,-9,-7,13,-12]
[-2,11,1,-6,5,-10,12,5,-2,18,-6,14,-7,-6,21,-8]
[1,-12,-7,-8,4,-10,19,5,-6,6,10,11,0,-6,13,-9]
[-1,2,-3,-10,2,-9,17,2,-4,-17,8,8,4,-3,6,-6]
[4,10,-3,-10,5,-8,16,3,-9,22,18,4,7,1,10,-14]
[9,-2,-3,-14,2,-8,14,2,22,-26,16,4,-2,-2,0,-17]
[10,18,-2,-9,6,-8,9,1,5,8,4,5,-8,-4,9,-16]
[5,19,-1,-8,4,-14,6,-3,18,-5,-7,12,-15,-4,17,-6]
[-5,6,0,-5,7,-14,10,-3,-1,13,-14,15,-9,-3,20,0]
[-3,-2,-7,-10,6,-13,18,2,-21,23,8,16,5,-1,20,-2]
[3,-34,-11,-14,4,-3,25,11,-9,-6,23,5,18,-2,-1,-14]
[0,19,7,-14,5,-1,13,13,2,-28,6,10,10,-3,0,-6]
[3,1,9,-5,6,3,8,17,-17,22,8,1,11,-3,3,-9]
[3,5,2,-10,0,1,7,8,6,-31,14,1,0,-1,-8,-3]


