output_mat:
[-15,22,-10,-20,-17,-10,-15,-17,-13,-16,-15,10,-11,-20,6,-1,-11,8,-17,-4,-3,-2,-23,-14,-36,-3,13,-10,30,-4,7,-21]
[-18,38,-6,-22,-20,-15,-14,-19,-22,-18,1,10,-23,-27,-8,-25,-2,-1,10,-7,-1,18,-28,-16,-37,9,16,-13,7,-8,-4,-41]
[-6,30,-5,-17,-6,-16,-12,-20,-16,-16,0,14,-25,-25,3,-12,1,8,9,3,3,1,-15,-9,-26,-3,-7,-11,4,-9,-7,-34]
[-2,28,6,-17,-7,-15,-21,-15,-15,-14,0,15,-21,-30,9,-18,2,13,19,0,-3,1,-9,-2,-25,-2,-12,-12,5,-11,-3,-36]
[0,25,10,-18,-11,-23,-20,-15,-13,-12,6,11,-23,-25,13,-23,-1,9,17,-4,1,4,-7,2,-26,-1,-8,-16,-3,-4,-2,-28]
[-3,18,1,-19,-13,-21,-22,-18,-7,-11,8,6,-34,-22,11,-18,5,-5,3,-12,6,5,-9,-5,-27,-6,-12,-17,-8,8,-2,-16]
[-3,14,-9,-23,-18,-23,-18,-26,-2,-10,19,16,-41,-24,14,-15,7,10,1,-12,-10,-5,-13,-6,-32,-11,-12,-11,6,-3,-17,-11]
[-2,10,9,-27,-22,-33,-23,-27,0,-7,20,18,-41,-35,24,-25,6,26,3,-10,-16,2,-11,-2,-42,-4,-12,-3,-1,-16,-30,-12]
[-3,21,28,-28,-14,-39,-15,-32,5,-6,10,14,-40,-47,21,-27,-2,20,-4,-18,-29,1,5,13,-51,-5,-35,-11,-27,-7,-27,-7]
[-6,21,25,-35,-3,-32,-14,-39,4,-11,-3,16,-36,-39,16,-15,-5,2,-14,-18,-29,1,-3,11,-46,-11,-26,-28,-18,-2,-14,3]
[-2,15,15,-27,-3,-23,-19,-31,-1,-9,7,13,-32,-29,22,-24,-6,-2,-11,-15,-19,17,-19,-2,-33,-10,-10,-36,5,-1,-9,-5]
[-3,9,-5,-22,-5,-25,-24,-26,-3,-8,14,12,-41,-23,18,-28,-1,13,-4,-16,-1,17,-16,-14,-29,-7,-11,-21,2,-9,-19,-5]
[-13,2,-23,-18,-6,-26,-23,-21,-1,-10,17,20,-45,-20,19,-18,3,19,-10,-9,9,11,-13,-16,-28,-10,-11,-4,4,-17,-23,-2]
[-12,11,-18,-18,-8,-23,-22,-21,-6,-11,12,22,-38,-25,17,-3,5,21,-7,-2,6,2,-10,-10,-29,-12,-21,-3,6,-19,-18,-17]
[-5,22,-3,-18,-7,-25,-30,-15,-14,-11,13,16,-21,-29,18,-5,10,17,9,3,5,-1,-3,0,-35,-3,-22,-6,-7,-12,-11,-32]
[0,25,5,-11,1,-17,-21,-5,-13,-6,3,11,-11,-22,5,-5,-2,8,17,4,1,-2,22,10,-16,8,-25,-8,-33,-4,2,-28]
[-18,19,-16,-13,1,-25,-15,-11,-13,-20,-10,14,-11,-20,-15,-8,-11,25,-23,-21,-11,-14,-27,-18,-41,-6,6,-10,19,-2,-24,-16]
[-39,36,-7,-14,-6,-21,-8,-21,-29,-24,1,23,-16,-22,-37,-25,-13,1,-14,-35,-15,8,-19,-19,-41,4,1,-19,-15,2,-27,-44]
[-29,40,-11,-16,3,-4,-21,-26,-23,-23,4,20,-9,-17,-8,5,10,-9,-21,-26,-9,-5,-14,-23,-22,-11,-25,-16,5,2,-23,-41]
[-25,45,-9,-12,-8,-3,-25,-19,-22,-22,14,9,-7,-16,-5,-2,11,-10,-9,-29,-10,2,-9,-16,-20,-3,-27,-16,-1,3,-20,-56]
[-9,33,0,-10,-5,-10,-31,-19,-19,-15,24,3,3,-13,-9,-28,6,-19,-24,-39,-8,7,2,-15,-23,-3,-18,-9,-31,32,-28,-36]
[-17,30,-15,-10,10,-6,-11,-16,-10,-15,14,15,-5,-22,-26,-15,-6,-32,-53,-35,-14,17,4,-20,-32,-20,-14,12,-38,57,-41,-12]
[-10,13,-34,-19,10,-12,10,-27,-3,-17,21,21,-21,-26,11,-2,16,-26,-63,-37,-38,-3,-28,-27,-48,-22,-10,14,6,38,-62,-1]
[-26,34,-20,-23,1,-24,-11,-28,6,-8,19,11,-38,-44,21,-14,39,-16,-52,-42,-57,-4,-15,6,-50,-12,-23,-2,-10,28,-69,-8]
[-8,16,1,-22,25,-20,14,-34,8,-16,27,4,-29,-19,0,-15,27,-37,-66,-45,-66,9,14,33,-67,-23,-56,-5,-46,33,-66,-19]
[-12,29,4,-23,21,-4,-15,-26,-1,-12,-8,11,-5,-38,-7,2,-6,-44,-71,-41,-63,18,-16,18,-46,-26,-42,-25,-2,36,-37,-33]
[-15,32,1,-17,16,-4,-8,-10,-14,-18,12,23,-3,-35,-1,-21,-25,-35,-54,-36,-46,44,-41,-27,-21,-10,-11,-26,2,50,-26,-33]
[-2,23,-3,-16,16,-8,-3,-13,-26,-18,41,18,-4,-45,-18,-39,-1,-32,-36,-45,-5,32,-24,-36,-12,-9,-15,-14,-27,43,-46,-33]
[-7,14,-30,-20,18,-9,-7,-22,-23,-15,42,16,-1,-31,-9,-19,14,-38,-46,-50,8,13,-20,-39,-26,-31,-21,-7,-8,29,-53,-19]
[-18,18,-56,-15,4,-9,-11,-34,-14,-25,30,11,-12,-24,-6,13,20,-33,-56,-50,10,-1,-27,-31,-35,-32,-30,-6,18,15,-39,-16]
[-23,29,-46,-13,-4,-1,-24,-30,-18,-23,30,11,-12,-8,7,21,18,-19,-51,-34,7,-4,-12,-35,-40,-21,-39,-4,-3,10,-36,-36]
[-18,26,-23,-3,1,1,-17,-4,-22,-13,19,7,-6,-9,-11,11,-2,-6,-8,-13,-4,-12,15,-14,-6,13,-24,-4,-34,4,-17,-39]
[-11,12,-5,-18,2,-31,0,-22,-3,-15,-4,4,-25,-22,-4,-27,-5,-9,-41,-33,-26,-12,-9,-15,-56,-16,-5,-2,-24,25,-25,15]
[-28,6,-15,-16,6,-14,28,-38,-17,-24,4,16,-22,-20,-38,-14,-26,-47,-67,-58,-23,32,-7,-10,-71,-16,-16,-16,-15,31,-19,3]
[-28,19,-25,-12,-4,-7,0,-31,-15,-24,2,10,-10,-2,-2,27,-3,-25,-69,-32,-21,-1,-36,-26,-38,-20,-26,-4,29,9,-18,-10]
[-31,23,-7,-13,-8,-11,-29,-14,-17,-18,6,15,-10,-9,-9,15,6,-10,-25,-18,-23,-1,-12,-23,-30,5,-16,0,-6,5,-18,-29]
[5,11,25,-6,15,-17,-8,-11,-7,-15,11,5,-7,0,-16,-40,-4,3,-12,-22,-33,-7,34,-27,-38,-7,-19,5,-55,6,-29,-24]
[-12,-6,33,-4,34,-2,28,-6,-2,-13,-4,10,-12,-15,-33,-34,-20,0,-17,-5,-44,-9,31,-22,-53,-26,-14,34,-59,-5,-45,-15]
[-10,5,-13,-17,36,4,3,-19,8,-20,-27,3,-12,-12,-16,-10,-4,-25,-45,-15,-58,-23,-27,-3,-61,-33,-4,12,-7,5,-46,-16]
[-25,-2,-17,-22,23,-1,-4,-11,-4,-11,-8,-9,1,-22,-13,-24,40,-31,-65,-29,-69,-15,-24,11,-56,-25,-23,-3,0,42,-49,-35]
[-5,8,-35,-17,26,1,-17,-5,-3,-15,-3,-9,12,-17,-13,-7,26,-32,-45,-31,-62,-9,0,14,-68,-44,-44,5,-9,37,-40,-41]
[-51,18,-20,-3,6,-2,-2,2,-1,-19,0,1,-11,-15,-15,24,-35,-20,-29,-14,-57,10,-16,-12,-45,-48,-29,4,25,30,-9,-46]
[-34,23,-26,-2,7,1,-14,6,2,-22,28,1,-14,14,-16,-6,-58,-13,-30,-10,-45,54,-30,-44,-18,-24,17,15,5,19,-17,-51]
[-12,12,-1,-2,1,18,4,-1,-5,-18,29,9,-26,-8,-27,-29,-8,-27,-22,-21,-28,23,-7,-40,-16,-35,2,8,-20,19,-33,-51]
[12,-2,34,-5,8,16,-3,-1,-7,-12,23,8,-20,-6,1,-4,-7,-35,-30,-30,-7,20,-8,-43,-24,-43,-25,-16,-15,42,-19,-41]
[4,0,-7,-4,6,9,2,-15,-24,-13,3,11,24,-10,-8,33,4,-37,-60,-53,0,24,-27,-44,-44,-57,-28,-13,7,37,-12,-34]
[-28,15,-43,-4,-7,2,-13,-32,-11,-28,11,2,12,-5,-7,37,12,-25,-72,-35,9,-8,-25,-49,-53,-42,-26,16,20,13,-26,-17]
[-34,14,-34,-3,-6,3,-19,-8,-17,-11,1,10,-3,-11,2,15,5,-4,-23,-9,3,-20,1,-37,-15,10,-2,5,-11,-3,-14,-16]
[-2,-3,-5,-15,25,-12,17,-5,3,-18,10,-6,-14,-20,-7,-46,0,-21,-38,-25,-25,-10,15,-17,-42,-5,-21,12,-31,37,-21,4]
[-10,14,-19,-3,36,11,57,-8,-28,-16,-22,13,0,-36,-43,0,-38,-45,-66,-55,-29,48,-20,-16,-68,-22,-20,0,-10,41,-32,-32]
[-39,5,-22,-3,-1,-11,22,-19,-13,-30,9,-7,11,7,-13,31,-10,-14,-65,-51,-42,-3,-53,-29,-58,-24,-12,24,36,21,-41,-7]
[-36,19,-2,-16,-25,-28,-25,-18,-8,-16,7,4,-12,-4,-14,18,18,-16,-64,-37,-39,-10,-21,-16,-48,19,-2,27,-10,25,-40,7]
[-18,2,28,-23,4,-27,0,-27,14,-11,14,2,-23,-6,-14,-40,-2,-32,-31,-31,-43,-13,19,-28,-45,-3,-24,-8,-54,27,-32,7]
[-3,-27,15,-11,-3,-9,22,-13,-3,-12,-18,14,-44,-43,-16,-16,5,-16,-15,3,-54,-33,11,2,-63,-24,-40,-6,-20,14,-24,-20]
[-38,-4,-6,-15,4,-1,-9,-8,16,-13,-15,12,-32,-33,4,17,-19,-7,-41,0,-55,-34,-12,1,-69,-38,-24,0,5,27,-11,-40]
[-28,0,-30,-11,3,4,3,1,2,-19,-11,0,-27,-9,-4,7,-14,-9,-41,7,-56,-13,-22,-13,-48,-32,-10,7,8,23,-14,-53]
[-15,-5,-11,10,9,-3,-3,10,6,-15,29,-15,-23,26,-1,5,-30,-3,-30,-3,-43,-7,-9,-20,-47,-38,-28,23,-5,15,-18,-54]
[-34,-11,-4,-1,-5,-17,-7,2,-2,-6,-8,-8,-7,8,-23,11,-47,0,-34,-2,-35,8,-14,-27,-45,-38,-17,22,0,0,-13,-33]
[-28,-7,-13,-9,-1,-8,-7,-8,12,-21,15,9,-21,3,-6,-26,-45,-22,-30,-1,-20,16,-32,-35,-33,-35,5,14,-2,-3,-8,-28]
[-32,1,-20,-17,-13,3,-14,-21,-3,-11,2,18,-32,-19,-5,-5,0,-21,-17,9,-16,-8,-23,-29,-29,-31,1,18,-2,0,-22,-39]
[-4,-12,6,-2,11,8,-22,-19,25,-21,27,0,-29,0,-4,-9,-25,-12,-19,4,1,14,-9,-37,-16,-36,-18,18,-6,3,-3,-49]
[28,-23,26,1,14,2,7,0,-4,-14,2,10,-16,8,-5,18,-45,-17,-24,-24,7,27,-17,-61,-44,-52,-21,-16,-23,11,-2,-45]
[-31,-10,-19,-8,-1,-8,-10,-15,-21,-19,-22,8,28,-9,-16,39,-7,4,-46,-26,27,-20,-37,-59,-70,-58,-9,14,20,11,-19,-19]
[-54,9,-48,-3,-4,-7,-12,-3,-5,-21,-1,7,0,-6,0,12,17,2,-43,1,17,-34,-16,-49,-29,0,11,30,8,-5,-16,9]
[-4,-7,-17,-18,5,-8,6,-2,10,-24,-18,0,-22,-19,-20,-31,-22,-7,-19,-10,-9,-36,27,-24,-55,-13,-38,19,-14,-2,-3,-27]
[-28,3,-15,10,2,14,51,-6,-10,-20,-20,3,-37,-8,-50,18,-51,-14,-38,-27,-30,-4,-2,-18,-78,-31,-27,29,-7,-2,-16,-65]
[-40,4,16,-5,-21,-19,-29,2,-7,-21,-11,-19,26,21,-7,16,-28,-7,-44,-43,-41,-20,-51,-22,-85,-23,9,16,2,27,-22,-27]
[-45,9,-31,-17,-11,-27,-35,-10,-14,-6,3,-7,29,-30,-8,-16,30,-23,-74,-37,-36,1,-30,-35,-75,-6,11,20,3,55,-31,6]
[-49,2,-27,-6,13,-11,27,-12,16,-17,21,5,7,-12,-14,-18,-5,-52,-79,-27,-46,19,1,-55,-71,-27,-15,26,-6,53,-37,17]
[-15,-6,-34,-14,-12,10,23,-18,-4,-12,-30,19,-18,-15,4,28,-15,-17,-61,-12,-41,-14,-4,-28,-51,-32,-35,15,18,20,-19,-15]
[-39,-16,-29,-2,-9,2,-9,3,7,-18,11,-13,-11,-4,-6,16,-39,-5,-41,-12,-27,-15,-17,-26,-36,-30,-32,18,24,2,-4,-42]
[-20,5,-36,3,-14,-8,-16,-6,6,-11,17,-13,-20,-7,-6,-30,-49,-8,-40,-9,-29,5,-37,-29,-27,-32,-4,17,-10,19,-10,-33]
[-10,-13,-14,3,-11,-19,-14,-11,1,-12,31,-25,-12,5,-6,-19,-17,-11,-37,-21,-27,-21,-12,-25,-35,-16,-17,38,-32,21,-23,-21]
[-3,-19,28,2,-13,-8,3,-7,-11,-13,-30,4,-17,-18,-33,8,-20,-23,-53,-22,-30,-17,5,-16,-59,-19,-11,16,-22,24,-12,-14]
[-40,-4,17,-22,-13,7,10,-15,1,-24,-14,10,7,-14,-22,-3,-18,-30,-51,-20,-32,-3,-27,-34,-63,-20,-14,8,6,17,3,-19]
[-20,-4,-6,-17,-29,10,-4,-28,-13,-21,-6,14,-23,-16,-7,-2,7,-21,-43,0,-28,-20,-28,-26,-49,-15,-4,12,7,11,-14,-25]
[-27,11,1,-11,-13,-4,-27,-16,-1,-15,4,11,-4,-7,-10,-14,-14,-11,-22,3,-1,-15,-18,-31,-28,-23,-6,8,-3,3,-7,-47]
[13,-14,33,1,12,-6,-12,-11,14,-20,15,1,-24,0,-1,-4,-50,-1,-11,-10,3,8,-14,-67,-22,-33,-12,-1,-21,-3,3,-51]
[11,-21,15,-5,15,-15,-9,-2,-27,-14,-17,19,-5,-16,-14,26,-24,11,-7,-18,29,-20,-30,-65,-61,-47,-2,1,-16,11,4,-26]
[-57,-5,-30,-5,18,-20,6,3,-9,-17,-4,6,17,-12,-19,-3,21,11,-8,5,24,-55,-26,-45,-30,-15,16,32,9,-9,-11,5]
[-14,-8,3,-15,-3,-9,8,-11,2,-13,-39,6,-18,-31,-15,-22,-23,4,-24,-13,-6,-30,31,-16,-53,-8,-33,12,-15,-9,11,-30]
[-36,-19,-3,-3,-4,1,17,-30,0,-18,-26,-1,-45,-14,-32,-8,-36,-6,-37,-21,-25,-31,-11,-20,-91,-19,-29,38,-11,-17,-9,-54]
[-23,-11,-9,-13,2,-16,-24,-10,13,-20,-12,-23,1,12,-11,-14,-29,16,-41,-31,-32,-24,-28,-39,-85,-20,-4,20,-17,4,3,-30]
[-36,-16,-1,-12,6,-9,-27,3,-13,-13,0,-14,2,-15,-22,-28,-7,2,-20,-14,-15,-15,-16,-62,-82,-29,5,11,-11,-5,-7,-36]
[-58,-21,-3,3,20,-14,18,6,4,-20,-14,-18,18,2,-56,-8,-22,-1,-17,11,-26,-37,-6,-64,-65,-35,-6,58,15,-18,-54,-51]
[-17,-21,-26,7,7,7,-5,-5,13,-20,-24,-3,-28,5,-8,3,-34,1,-53,12,-30,-17,-32,-33,-50,-17,-11,38,2,-10,-30,-40]
[-28,-7,-13,-6,-8,-2,-16,-2,8,-10,-13,-9,-13,-11,-5,17,-36,-1,-42,-3,-34,-17,-34,-25,-38,-36,-26,0,-6,4,8,-44]
[-29,-25,-14,2,-12,2,-10,-4,6,-11,1,-17,-6,-2,-11,-19,-20,-11,-36,-15,-7,-14,-28,-45,-20,-28,2,17,-8,13,-10,-26]
[-10,-11,-21,7,-9,-9,-13,-7,-9,-14,-7,-28,11,11,2,-3,10,-13,-31,-9,-5,-52,-8,-34,-47,-17,-29,49,-25,21,-20,-20]
[-26,11,3,-4,-3,-5,-7,2,-12,-16,-73,3,7,-18,-28,36,-24,0,-46,-10,-28,-52,6,-21,-61,-17,-32,32,3,15,-5,-41]
[-47,-4,23,-16,-4,-10,17,0,-3,-28,-24,15,-13,3,-26,14,-41,5,-36,-8,-57,5,-35,-31,-70,-14,-2,16,12,1,-12,-49]
[-25,-3,-8,-17,-10,2,-5,-22,-9,-24,-11,10,-28,-17,-22,-2,-14,9,-46,1,-42,-12,-40,-19,-49,-12,13,11,10,0,-16,-37]
[-32,4,-13,-6,-4,-14,-15,-6,-7,-7,12,4,-19,0,-14,-16,-19,11,-28,9,-17,0,-28,-20,-36,-19,2,4,-2,1,-21,-26]
[-12,-9,18,-5,9,-16,-16,-10,8,-11,6,-3,-16,11,-13,-7,-40,10,-24,3,-11,-1,-13,-50,-16,-30,-19,19,-20,1,-14,-46]
[24,-21,44,2,8,-11,-6,-5,-7,-14,-16,7,-24,-12,-9,9,-34,9,-4,-3,3,-21,-9,-55,-36,-36,-14,4,-30,3,12,-36]
[-24,-14,17,-3,3,-11,0,9,-24,-2,-26,5,15,-13,-22,-1,10,6,19,8,11,-57,-21,-27,-28,-16,11,9,1,3,11,-11]
[-13,0,-1,-7,-12,-12,-4,-12,-9,-12,-62,10,-23,-37,-23,-6,-19,23,-28,-12,-11,-39,25,-12,-55,-4,-35,25,-11,-9,12,-28]
[-37,-15,12,-11,-10,-17,-15,-27,-8,-19,-45,3,-41,-26,-35,-41,-39,-3,-18,-18,-18,-42,-13,-32,-91,-15,-14,28,-37,-14,1,-45]
[-35,-25,-21,-33,-4,-21,8,-32,3,-18,-24,-12,-4,-15,-28,-42,-37,9,-50,-25,-9,-21,-24,-58,-80,-35,-9,0,-2,-14,1,-38]
[-39,-35,12,-1,-16,-8,-10,-24,13,-20,12,-28,-23,-9,-9,-43,-39,18,-38,-6,1,-35,-12,-91,-71,-30,0,18,-10,-13,1,-44]
[-37,-30,4,3,-16,-20,-27,1,-12,-6,-37,-17,-13,-5,-33,-4,2,15,-2,15,0,-89,-23,-47,-72,-18,-11,32,-15,-9,-21,-43]
[-28,-20,-14,1,13,-13,-12,12,14,-12,-44,-6,-20,-8,-10,-10,2,10,-35,17,-8,-56,-49,-28,-48,-29,1,26,-18,2,-19,-29]
[-40,-27,-2,-9,13,-4,10,-6,15,-14,-9,4,-36,-28,-16,13,-40,5,-36,10,-40,-2,-38,-29,-29,-39,-16,22,-9,8,-9,-30]
[-16,-30,13,4,5,-2,-17,-12,18,-17,-13,10,-32,1,-3,-1,-21,7,-40,6,-9,-17,-33,-42,-26,-27,5,21,4,-4,-24,-31]
[1,-22,8,8,13,-14,-24,-7,-1,-16,-14,-6,-12,-8,-16,6,16,24,-18,1,4,-73,-14,-22,-44,-20,-28,38,-26,-20,-11,-29]
[-31,-14,9,3,14,-21,-10,4,-8,-9,-67,16,-21,-36,-31,25,-20,37,-13,9,-26,-77,8,-2,-70,-11,-39,38,4,-39,3,-30]
[-47,-18,-26,-13,0,-18,-15,9,-1,-26,-9,14,-20,-4,-39,-28,-40,42,-2,1,-47,-32,-48,-9,-53,6,-1,33,11,-34,-9,-32]
[-25,-9,-44,-13,-13,-17,-27,-9,-11,-10,16,10,-24,-21,-42,-37,-22,32,-20,0,-35,-14,-51,-9,-32,-10,16,5,1,-12,-29,-33]
[-32,-21,-16,0,6,-24,-25,-3,-10,-14,34,6,-14,-15,-43,-17,-13,23,-10,9,-21,-23,-24,-8,-19,-13,2,11,-4,-6,-31,-27]
[-18,-6,10,-12,15,-24,-19,-2,-1,-11,1,12,-12,-19,-25,8,-13,7,-12,10,-26,-28,-12,-13,-15,-15,-23,15,-19,0,-27,-36]
[3,-6,31,3,20,-20,-9,-12,10,-17,-1,5,-19,-10,-10,4,-23,10,-14,8,-35,-25,-1,-24,-19,-27,-30,27,-27,1,-4,-28]
[0,-15,28,6,-1,-2,0,6,-7,-7,-13,9,-10,-1,-14,2,-13,-4,0,9,-18,-20,-9,-5,-13,-11,0,2,-4,2,19,-9]
[-16,9,-17,-15,-10,-20,-17,-14,-13,-15,-59,8,-20,-31,-30,8,-17,37,-27,-13,-3,-44,12,-13,-47,0,-33,24,-9,-17,9,-23]
[-37,-13,11,-13,-30,-25,-32,-23,-6,-25,-33,-3,-22,-20,-48,-51,-44,14,-11,-20,-13,-32,-6,-47,-77,-3,-13,20,-32,-17,3,-59]
[-23,-19,-28,-26,-9,-17,3,-14,-17,-18,-32,10,-26,-23,-22,-28,-56,8,-32,-24,16,-12,-25,-57,-68,-38,-4,4,-17,0,3,-52]
[-54,-20,-16,1,-7,-25,-7,-17,13,-24,-4,-36,4,-9,-9,-25,-36,13,-53,-16,11,-41,-31,-95,-62,-34,0,29,-10,8,-14,-39]
[-19,-29,-16,17,-6,-12,-22,-3,-3,-4,-31,-30,-18,-23,5,-16,13,-1,-23,-1,-5,-64,-35,-52,-71,-22,3,38,-19,11,-14,-15]
[-39,-11,2,1,4,-14,2,3,25,-7,-18,3,-20,-2,-8,-23,2,9,-23,15,-30,-69,-25,-37,-42,-39,1,49,-6,9,-27,-9]
[-7,-40,11,-3,1,-4,18,-10,17,-19,-10,26,-56,2,-15,-4,-41,9,-37,19,-53,-4,-33,-9,-34,-46,-7,39,-13,-12,-38,-22]
[-4,-21,11,-7,-1,-2,-23,-16,17,-7,-5,-9,-25,-14,-4,-14,-14,-3,-47,-15,-40,-34,-34,-2,-26,-38,-21,6,-3,0,-19,-39]
[8,-23,25,0,9,-9,-25,-14,7,-11,-12,-14,-31,-21,-13,-18,4,-1,-28,-17,-23,-50,-19,-13,-45,-19,-25,10,-30,5,3,-15]
[-30,-28,21,-2,6,-13,-14,-9,-3,-5,-31,13,-44,-35,-27,-2,-8,22,-17,-5,-34,-57,-11,-17,-59,-21,-31,21,-7,-17,-8,3]
[-32,-28,-22,-10,-12,-16,-23,-3,16,-23,5,17,-31,-3,-43,-34,-27,22,-15,-12,-43,-29,-38,-4,-40,-9,-2,24,-7,-13,-12,1]
[-24,-35,-19,-4,-8,-5,-9,-14,4,-8,42,-3,-32,-7,-23,-40,-23,13,-35,-3,-43,-27,-22,-23,-20,-24,6,9,-5,-4,-43,-30]
[-21,-15,-7,1,-4,-9,-23,-4,0,-9,9,4,-15,-4,-24,-6,-17,10,-19,3,-36,-24,-12,-18,-16,-20,-8,3,0,1,-42,-21]
[-13,-14,9,-4,9,-8,-15,-5,2,-11,2,16,-29,2,-13,5,16,12,-19,5,-46,-29,-4,0,-17,-15,-35,14,-13,-6,-38,-16]
[12,-17,17,5,20,-15,-15,-11,5,-10,0,7,-17,-7,-6,-23,5,7,-8,9,-60,-34,-6,18,-34,-30,-36,27,-23,-16,-28,-10]
[-6,5,20,2,13,-1,-17,-3,3,3,-9,7,-6,-21,1,-1,-32,2,-6,3,-49,-3,-9,25,-4,-17,-24,-10,1,-3,15,-13]
[-21,8,-12,-15,-4,-18,-19,-14,-16,-16,-46,15,-20,-31,-30,7,-22,43,-15,-5,1,-33,-1,-20,-44,0,-23,13,-2,-25,8,-18]
[-37,-4,22,-22,-25,-33,-34,-16,-16,-18,-46,5,-8,-21,-55,-32,-47,25,4,-22,-3,-26,8,-52,-61,7,-23,12,-19,-27,-3,-76]
[-8,-23,-2,-14,-12,-12,-13,-6,-16,-29,-25,12,-41,-16,-31,-19,-67,14,-9,-22,26,-27,-1,-63,-67,-20,-14,17,-44,-25,-2,-62]
[-67,-20,-20,-10,1,-19,-27,-10,3,-15,-34,-19,15,-1,-31,-25,-34,12,-17,-8,17,-73,-28,-81,-64,-41,18,38,-6,-18,-18,-48]
[-30,-32,4,4,-1,0,-20,-18,17,-16,-20,-15,-27,4,-4,-41,2,-5,-19,-1,5,-57,-44,-68,-49,-37,16,20,-11,-9,-15,-18]
[-33,-53,17,-6,-11,-9,3,-19,9,-7,0,-8,-22,-1,-8,-37,9,-8,-14,16,-33,-62,-19,-41,-46,-45,-19,42,3,-1,-29,-26]
[-19,-6,-32,-6,-23,4,-23,-11,15,-13,-13,6,-18,-13,-7,-15,-8,-11,-57,15,-48,-42,-27,5,-43,-41,-17,37,10,12,-36,-33]
[-30,-10,-5,-19,-12,0,-26,-3,3,-5,-18,-25,1,-3,3,8,-16,-24,-66,-15,-45,-8,-30,-23,-41,-27,-39,-11,6,44,-7,-51]
[-27,0,-15,-7,3,-2,-5,-12,6,-10,-23,-17,0,-7,-3,-14,-16,-14,-59,-15,-33,-16,-6,-27,-37,-25,-21,16,1,19,6,-26]
[-13,-33,3,-2,3,-2,-8,-4,11,-11,1,-13,-36,-13,8,-31,-7,-9,-35,10,-26,-38,-24,-34,-39,-14,2,31,-3,2,-23,-4]
[-25,-10,-11,-20,-2,-6,-13,-6,14,0,-10,-2,-8,-15,-21,-34,-15,2,-31,-8,-42,-6,-29,-14,-23,-28,-6,12,-8,10,-39,-21]
[-8,-33,3,-7,-1,-7,-10,-30,16,-20,36,-4,-31,5,-15,-20,-2,-18,-59,-4,-48,-19,-9,-1,-25,-33,-20,13,-17,15,-39,-20]
[-5,-10,20,-1,-5,-1,-19,-17,-2,-3,-2,-6,-6,-17,-6,11,-5,-26,-55,-12,-48,-13,-12,3,-26,-27,-27,-9,-1,30,-23,-25]
[-6,-7,2,1,4,1,-21,-2,3,-11,-10,3,-7,-30,-2,-7,23,-14,-30,3,-66,-33,-24,6,-32,-13,-23,9,-7,20,-26,-8]
[-12,10,-14,-8,1,-4,-16,-15,6,-8,-1,15,-3,-35,5,-11,23,6,-3,-2,-65,-43,-18,21,-42,-42,-25,0,15,0,-28,-11]
[-16,-4,16,2,5,-1,-11,-1,10,-6,24,6,-8,-20,-1,9,-43,16,-5,5,-47,13,-6,20,5,-11,-39,-12,14,-3,9,-33]
[-22,8,-11,-16,-19,-18,-16,-20,-13,-16,-43,2,-21,-34,-32,15,-23,27,-28,-23,6,-12,-10,-16,-46,-4,-19,-2,1,-11,0,-13]
[-26,-4,18,-24,-24,-24,-30,-26,-23,-19,-44,5,-26,-20,-59,-1,-38,8,-19,-42,-10,-19,6,-42,-69,12,-32,15,-25,-22,-13,-61]
[-3,-15,36,-9,-23,-15,-19,-16,-15,-27,-18,7,-35,-23,-44,-18,-38,29,-3,-26,-5,-34,18,-51,-67,1,-15,26,-57,-31,-10,-53]
[-49,-39,42,-10,-20,-18,-32,-12,-10,-9,-51,13,-3,-16,-32,-42,-43,0,-20,-1,6,-57,-9,-69,-88,-23,13,20,-26,-12,-4,-27]
[-44,-35,16,-6,-5,0,-24,-10,30,-13,12,-5,-15,8,-1,-55,-1,-7,-24,8,-2,-47,-34,-83,-36,-32,7,20,-15,0,-14,-27]
[4,-33,-18,-1,-12,-7,-4,-8,3,-8,-20,19,-43,-10,-11,-2,13,7,-11,24,-18,-70,-29,-42,-35,-36,-23,36,-20,9,-46,-31]
[-30,-31,-21,6,9,-14,-7,21,6,-7,-14,2,-23,-16,-17,14,16,20,-20,16,-41,-75,-31,-4,-36,-26,-30,36,16,3,-40,-43]
[-21,1,19,3,32,-16,2,10,12,-11,-17,1,-21,-8,-13,5,-44,23,-32,3,-59,6,-22,-28,-23,-17,-31,4,0,-2,-1,-36]
[-8,-16,0,2,30,-20,0,-14,1,-9,-36,24,-27,-5,-5,-6,-50,13,-29,12,-28,-12,-21,-37,-34,-29,-3,24,-20,-5,-12,-22]
[-33,-10,-51,-5,13,-18,-22,-17,27,-16,0,11,-51,-1,-3,-40,-2,24,-17,33,-21,-70,-30,-35,-32,-44,21,57,-4,-21,-57,-5]
[-9,-43,-5,1,17,-16,24,-8,20,-11,36,6,-75,22,2,-45,10,14,-27,29,-31,-20,-24,-5,-29,-33,1,31,-18,-12,-67,-19]
[16,-3,-2,-5,33,-16,-10,2,12,1,1,-5,-5,-4,6,-3,1,13,-36,5,-57,-40,-8,23,-22,-41,-44,2,-28,9,-42,-37]
[-18,-3,-2,12,26,-7,5,8,8,-8,-12,-5,-21,-16,-5,19,-12,9,-29,3,-58,-25,-19,3,-18,-32,-29,8,3,17,-24,-31]
[-26,3,4,2,2,-4,0,-3,7,-11,-25,12,-12,-7,-2,4,-1,18,-15,8,-74,-31,-27,8,-34,-33,1,15,32,-3,-26,-20]
[-16,-6,2,-12,-3,-10,-2,-12,8,-14,11,12,-11,-11,14,-19,1,25,-8,11,-62,-26,-26,2,-40,-37,-12,3,37,-18,-25,-28]
[-9,19,4,-2,9,-18,-20,-5,4,2,11,6,-6,-25,6,-6,-46,27,-7,6,-43,14,5,14,-2,-13,-42,-19,-7,-15,2,-43]
[-25,1,-21,-20,-1,-28,0,-17,-9,-10,-34,10,-6,-32,-29,15,-24,20,-39,-27,9,1,-10,-23,-45,-17,-10,-1,5,6,-10,9]
[-29,-3,-27,-18,4,-37,-6,-23,-11,-20,-33,15,-25,-10,-46,15,-31,16,-34,-35,-9,-31,-15,-35,-59,10,-18,39,-16,-16,-37,-19]
[-16,-20,8,-3,-1,-40,-16,-11,-5,-17,1,-6,-26,-20,-33,-16,-9,32,-2,-14,-22,-55,10,-33,-47,13,-20,31,-56,-21,-35,-22]
[-31,-19,35,2,3,-23,-18,8,-10,-4,-41,15,-14,-43,-52,-24,-50,10,-15,12,-30,-17,-3,-37,-70,-15,3,9,-29,-1,-17,-27]
[-39,-36,52,-13,5,-18,14,13,17,-21,8,29,-29,-8,-15,-35,-19,-2,-19,21,-37,-21,-35,-61,-46,-19,4,14,-22,-2,-40,-25]
[6,-28,14,-3,4,-4,-7,-18,15,-12,-19,31,-43,-32,10,0,12,18,-10,17,-38,-81,-31,-22,-38,-40,-14,23,-10,-32,-60,-15]
[-17,-14,16,-1,-6,-16,-45,-11,22,3,-12,16,-39,-29,17,14,5,54,3,9,-64,-78,-34,6,-37,-37,-30,7,20,-46,-48,-13]
[-10,-45,24,-15,7,-20,-15,-8,30,-10,6,23,-50,-11,-19,-16,-53,64,-9,11,-52,5,-25,-8,-23,-22,-33,16,4,-53,-40,-33]
[9,-33,6,-8,19,-15,-7,-21,20,-6,6,28,-66,-20,-3,-35,-60,46,-10,21,-33,-9,-14,-15,-41,-38,-13,8,-35,-58,-40,-26]
[-23,-22,0,-9,13,-27,-26,-10,6,1,6,21,-26,-34,29,-52,7,25,24,35,-18,-75,-24,-3,-44,-49,8,10,-13,-38,-44,-27]
[-14,3,-17,-6,20,-22,-38,7,11,-11,2,30,-6,-51,28,-40,17,12,19,32,-19,-57,-32,7,-27,-39,-19,-8,3,-18,-37,-50]
[-17,-3,-4,3,30,-16,-3,7,8,-10,14,20,-21,-28,17,-2,-17,20,19,19,-43,-44,-7,19,-21,-50,-37,-20,-1,-22,-18,-61]
[-27,0,27,1,20,-21,-11,0,11,-10,-4,13,-19,-15,3,3,-24,34,21,27,-49,-42,-20,12,-10,-32,-25,7,17,-40,-19,-49]
[-21,-2,10,-7,0,-18,-20,-13,11,-8,-7,18,-26,-27,6,-19,-20,28,11,24,-50,-34,-33,12,-19,-22,1,5,16,-22,-22,-41]
[-5,12,-10,-18,1,-19,-14,-8,2,-11,-2,11,-20,-41,-5,-20,-5,11,-5,3,-29,-18,-27,4,-28,-20,-16,-27,11,-1,-19,-45]
[-7,2,-6,-10,7,-14,-2,-4,-7,-5,7,-2,-12,-29,-14,2,-21,7,-11,-11,-28,5,2,9,-8,-3,-30,-24,-16,3,-6,-49]
[-11,-21,-4,-16,21,-15,8,-15,-13,-5,-26,19,-8,-26,-20,-7,-36,19,-6,-21,17,6,-17,-62,-56,-32,9,-11,9,-30,-16,-16]
[-33,-19,-50,-4,17,-31,-5,-37,0,-23,-23,10,-24,-8,-42,-18,-12,18,-17,-26,14,-50,-28,-51,-72,-9,-2,32,-13,-40,-49,-13]
[-20,-25,-54,3,7,-17,-26,-23,0,-12,-4,-2,-26,-23,-21,-23,14,15,-33,-12,-6,-81,17,-33,-56,4,-37,51,-49,-20,-46,-3]
[-33,-21,28,3,-4,-11,7,-1,6,-7,-19,16,-57,-41,-27,10,-31,-6,-21,19,-70,-41,17,-23,-98,-25,-32,36,-25,-15,-43,-28]
[-29,-10,46,-26,-2,-1,3,-19,29,-27,3,26,-40,-26,-15,-16,-33,-15,-23,14,-95,-17,-33,5,-79,-31,-4,14,-30,-22,-28,-23]
[-10,-14,23,-30,-4,15,-26,-60,22,-13,6,35,-25,-44,8,-30,-10,-31,-50,0,-88,-12,-50,17,-66,-63,6,-38,27,-23,-33,-34]
[-22,-13,36,-24,-9,-2,-60,-34,9,-8,19,2,-3,-28,21,-47,-1,6,-5,9,-73,-14,-42,-2,-31,-41,-13,-23,33,-22,-30,-55]
[-3,-7,3,-27,-1,-20,-44,-22,2,-4,8,30,-5,-41,-6,-53,-40,22,21,21,-55,6,-16,-3,-28,-42,-22,-22,-1,-28,-39,-79]
[-20,-17,-4,-27,4,-19,-30,-27,9,-14,23,18,-23,-38,2,-34,-24,11,18,16,-35,-16,-10,-13,-30,-51,-25,-24,-7,-31,-43,-83]
[-27,1,-3,-12,-2,-1,-26,-14,3,-19,14,13,-25,-32,19,-14,6,-4,28,20,-20,-46,-10,-7,-39,-55,-19,-21,11,-9,-19,-69]
[-30,15,9,-1,-3,-7,-12,-6,1,-13,22,11,-9,-5,18,-18,-7,3,28,14,-31,-19,-13,-8,-28,-42,-21,-23,24,-7,-11,-73]
[-18,11,14,3,-5,-9,-12,-17,3,-11,16,7,-7,-10,8,-7,-17,7,12,10,-45,-16,-4,1,-16,-36,-30,-10,4,-20,-18,-66]
[-5,4,10,-2,-11,-16,-30,-30,5,-5,1,28,-21,-23,13,-11,-9,10,9,17,-41,-28,-25,-1,-18,-37,-21,-4,12,-12,-19,-49]
[-1,11,7,-17,-11,-21,-25,-22,-3,-9,-8,27,-26,-28,-1,-16,-2,12,9,6,-41,-12,-14,0,-26,-17,-19,-6,2,-4,-26,-50]
[-5,13,5,-14,-2,-15,-15,-15,0,-11,2,11,-27,-25,-11,-9,-2,-1,-5,-18,-33,-9,6,4,-31,-14,-47,-7,-9,2,-29,-51]
[-4,13,10,-7,-2,-9,-3,-7,-5,-9,6,0,-16,-8,-7,-1,-17,-2,-15,-26,-33,2,9,9,-10,2,-31,-13,-19,7,-12,-45]
[22,-8,45,-14,-19,-14,-4,-11,-10,-12,-15,15,-27,-32,7,0,-44,-2,2,-4,18,21,-1,-65,-44,-26,0,-28,11,-9,18,-54]
[-12,-18,44,-31,-8,-28,-27,-26,-21,-9,-20,27,1,-29,-11,-23,4,-13,17,-30,38,-18,-12,-68,-78,-29,13,-6,-43,-11,-11,-54]
[-24,-27,-24,-10,9,-11,-33,-32,10,-20,-15,0,-17,-32,-3,-29,38,-26,-18,-7,19,-79,22,-40,-80,-37,-21,55,-34,-18,-28,0]
[-65,-13,-14,-25,-4,1,-9,-20,26,-14,-10,26,-55,-35,11,11,5,-14,-35,22,-68,-71,7,9,-108,-42,-37,76,-15,-9,-33,-15]
[-32,-28,-34,-50,-1,1,3,-18,18,-25,-7,35,-34,-32,1,-33,-9,-23,-28,22,-86,-4,-46,40,-93,-41,-9,-7,22,-4,-15,-43]
[-58,17,-43,-28,-6,1,-8,-27,10,-9,22,8,-37,-39,25,-33,-42,-33,-32,-4,-80,26,-75,13,-53,-60,4,-44,42,12,-3,-87]
[-53,17,-16,-13,-16,-16,-29,-4,6,-13,18,-14,-28,-9,10,-19,-18,-5,-7,0,-48,20,-40,-19,-12,-32,5,-31,21,23,-6,-86]
[-25,16,-10,-17,-22,-16,-3,-3,-9,-13,12,10,-33,-10,-8,-10,-9,-8,12,8,-33,7,-15,-17,-19,-35,-9,-31,13,4,-20,-87]
[-18,15,6,-15,-16,-18,-14,-8,-10,-15,10,11,-23,-23,5,1,-2,0,13,5,-31,-16,-7,-5,-23,-38,-27,-20,2,-4,-22,-84]
[-17,19,16,-13,-9,-17,-21,-10,-6,-12,12,16,-12,-28,12,0,-6,-9,8,5,-30,-10,-6,3,-20,-39,-38,-16,-7,2,-7,-66]
[-15,11,15,-8,-11,-16,-20,-15,0,-7,16,23,-6,-31,19,-19,-14,-10,4,1,-28,4,-14,-3,-15,-40,-22,-16,-1,12,-2,-50]
[-8,15,6,-10,-4,-19,-9,-18,-1,-6,8,27,-15,-41,17,-7,-1,-5,6,-5,-28,-3,-18,2,-17,-31,-19,-12,-14,12,-14,-31]
[-16,14,4,-11,-5,-29,-13,-17,2,-5,5,24,-26,-32,20,-2,8,2,2,-2,-38,-20,-12,6,-17,-25,-24,-1,-6,9,-33,-28]
[3,13,8,-8,-3,-28,-10,-10,4,-9,5,17,-33,-27,10,-6,8,-4,-8,-3,-51,-7,0,19,-21,-10,-27,2,-23,7,-30,-28]
[9,4,27,-7,5,-25,-12,-11,13,2,-1,17,-32,-36,17,5,-2,-15,-16,-21,-66,-14,8,35,-33,-22,-49,-8,-34,4,-16,-26]
[-4,5,30,-12,2,-17,1,-14,12,-2,-4,21,-12,-19,12,0,-31,-10,-15,-26,-49,8,8,22,-13,-15,-22,-19,-29,12,7,-11]
[0,9,13,-19,-19,-26,-14,-23,10,-15,-11,2,-12,-15,-4,23,-44,7,-16,-22,-5,8,-17,-38,-29,-17,-20,-3,15,-4,9,-51]
[16,-18,81,-24,-27,-28,-18,-19,-10,-15,-9,24,-31,-13,-10,-19,-30,-14,28,-48,20,8,4,-61,-64,-14,-5,-26,-46,-1,16,-72]
[-26,-30,43,-32,-7,-10,-29,-34,-5,-6,-26,36,-4,-34,0,-30,17,-12,23,-11,25,-59,6,-61,-88,-58,-4,6,-42,-15,11,-15]
[-53,-46,-64,-27,5,-9,-10,-24,25,-33,3,29,-41,-25,-15,-32,26,11,-13,30,-18,-102,-12,-20,-98,-59,-27,85,-5,-36,-22,-7]
[-43,-15,-113,-26,-14,-11,-7,4,8,-17,-10,34,-48,-29,3,-39,-24,30,-18,12,-30,-49,-58,10,-53,-52,-10,11,49,-33,-25,-40]
[-63,-4,-43,-1,-14,-15,-15,12,5,-17,32,-9,-23,-5,-2,-27,-63,27,-15,-7,-52,5,-62,-8,-8,-38,5,3,21,2,-8,-63]
[-37,17,-13,-15,-1,-24,-20,4,1,-11,17,2,7,-7,-2,-24,-41,8,-9,-7,-21,6,-30,-16,0,-26,-10,-11,5,12,-9,-45]
[-26,19,-16,-12,-7,-26,-11,-11,-5,-9,7,16,-7,-20,1,-5,-11,-1,-2,-1,-15,-12,-30,-21,-9,-28,-6,-4,10,9,-29,-32]
[-18,18,-10,-6,-6,-27,-12,-15,-6,-11,10,19,-20,-22,4,-2,6,2,2,0,-17,-13,-15,-6,-11,-22,-18,-6,2,5,-30,-31]
[-9,15,5,-6,5,-24,-13,-19,-5,-9,7,21,-19,-26,0,1,1,3,0,-5,-28,-13,-5,3,-11,-20,-35,-12,-19,3,-19,-31]
[-10,16,9,-7,1,-20,-8,-20,-3,-8,6,24,-10,-22,7,-7,-15,-2,1,-9,-30,0,-8,-4,-15,-27,-20,-16,-2,5,-15,-30]
[-12,9,10,-7,-8,-23,-3,-30,5,-11,12,28,-18,-17,8,-17,-7,0,-2,-8,-34,-3,-6,1,-21,-20,-14,-6,-5,-7,-25,-25]
[1,3,8,-4,10,-22,-16,-31,7,-9,9,18,-28,-26,17,-19,12,-10,-1,-8,-39,-19,-4,11,-23,-16,-30,4,-27,0,-37,-18]
[-6,14,-2,-8,20,-22,-25,-29,15,-2,-1,24,-22,-40,12,-4,14,-24,-10,-14,-67,-25,-5,34,-30,-29,-34,-1,-30,14,-35,-10]
[-16,-7,18,-10,2,-17,-8,-36,22,-2,9,15,-25,-25,19,1,0,-30,-25,-45,-73,-8,7,35,-25,-29,-42,-10,-12,15,-25,-7]
[-1,-17,9,-16,-6,-10,3,-24,17,-5,10,16,-5,-12,2,-8,-45,-15,-31,-31,-48,33,4,15,-3,-18,-17,-12,5,16,-3,-11]
[-20,6,-16,-27,-17,-36,-19,-25,-1,-8,-17,16,-16,-28,-1,9,-14,8,-23,-33,-10,-10,-24,-12,-28,0,-19,-2,8,-1,-4,-13]
[-7,-14,23,-33,-26,-35,-19,-39,9,-19,8,16,-34,-27,-22,-21,-44,4,13,-54,-4,-3,-9,-44,-29,5,-13,1,-16,-10,-4,-58]
[10,-53,74,-30,-32,-16,-16,-19,5,-13,-3,41,-56,-23,-11,-41,-27,26,35,8,10,-24,3,-70,-41,-23,8,-2,-40,-23,9,-29]
[-17,-42,1,-48,-14,-14,-23,-14,-10,-16,-39,41,-20,-54,-27,-41,24,47,50,28,9,-104,-10,-21,-71,-45,-2,30,-11,-56,-10,-26]
[-39,-22,-55,-21,-15,-16,-35,-6,4,-16,-11,6,-43,-31,-3,-34,-4,42,20,5,-9,-83,-49,-1,-25,-26,-14,20,36,-43,-26,-33]
[-39,-9,-16,-23,-21,-26,-40,-1,4,-11,-4,-9,-20,-12,-9,-20,-32,40,-3,-8,-36,-9,-38,-13,4,-5,-3,-4,6,-14,-24,-36]
[-21,-11,0,-22,-12,-21,-24,-18,10,-7,0,10,-26,-24,4,-13,-20,24,1,-13,-17,-2,-15,-21,-3,-13,-11,-18,-10,-14,-27,-21]
[-19,-13,0,-15,-8,-21,-20,-22,5,-12,6,25,-35,-24,5,-18,9,15,2,-9,-10,-18,-27,-20,-9,-12,-8,-10,1,-7,-43,-4]
[-15,1,-8,-12,0,-23,-11,-16,1,-9,6,32,-22,-36,4,0,23,10,-1,-5,-14,-22,-13,-3,-9,-13,-28,0,-5,2,-43,-7]
[-10,1,5,-17,2,-23,-18,-24,1,-8,7,28,-20,-43,6,9,5,9,-5,-9,-26,-17,0,8,-9,-13,-37,-2,-13,2,-29,-14]
[-11,0,7,-24,-16,-22,-17,-22,6,-7,7,23,-16,-30,11,-2,-11,2,-2,-12,-32,-6,-7,8,-8,-15,-27,-13,-4,8,-14,-17]
[-9,-7,5,-22,-16,-29,-19,-18,6,-6,17,24,-15,-26,17,-18,5,-6,2,-9,-28,-5,-8,11,-14,-11,-19,-13,-10,12,-17,-25]
[-9,2,-1,-22,-3,-18,-25,-22,12,-5,-3,25,-12,-42,11,-10,20,-21,-2,-8,-40,-21,3,15,-31,-29,-21,-1,-26,17,-19,-11]
[-26,-16,1,-26,0,-17,-18,-25,25,-4,18,35,-34,-31,29,-7,9,-18,-10,-3,-65,-27,3,26,-37,-35,-27,16,-14,12,-18,1]
[3,-28,1,-20,-16,-18,-4,-19,23,-4,3,16,-26,-25,31,-24,-10,-16,-41,-22,-61,2,2,9,-19,-23,-41,-1,-19,19,-12,-17]
[-8,-11,-24,-16,-5,-14,2,-3,11,2,0,11,-10,-21,12,-3,-52,-2,-30,-18,-34,17,-9,-6,-2,-20,-16,-12,-5,8,-1,-31]
[-8,-4,-28,-20,0,-25,-24,-9,-3,-8,-13,17,-11,-16,-22,3,3,10,-9,-28,-5,-2,-21,4,-7,2,-9,6,-8,-5,-10,-5]
[-15,-13,-6,-32,-4,-38,-33,-22,-8,-4,-4,24,-20,-17,-32,-10,-18,-2,14,-46,-1,-4,-17,-13,-2,2,0,11,-19,-8,-28,-37]
[-7,-22,20,-29,-14,-28,-36,-17,12,-10,-5,14,-29,-10,-22,-13,-14,10,24,-9,6,-9,-9,-37,12,-18,8,10,-10,-14,-17,-43]
[0,-26,18,-31,-29,-21,-41,-12,-11,-6,-16,30,-43,-18,-20,-8,10,3,37,8,9,-35,0,-6,-10,-22,5,-2,-9,-10,-8,-38]
[-14,-9,2,-31,-18,-20,-55,-8,-6,-4,-7,8,-22,-22,-12,-3,22,7,16,-6,1,-37,-29,4,0,-17,-9,1,1,2,-18,-41]
[-10,-2,-5,-30,-7,-29,-39,-8,-6,-2,-4,5,-12,-23,-15,3,4,2,-1,-10,-18,3,-20,3,14,-10,-6,-11,-4,8,-25,-33]
[-3,-8,9,-29,-5,-25,-37,-15,-6,-2,3,16,-5,-26,-8,-1,0,-8,0,-17,-12,11,-8,-7,11,-15,-6,-12,-8,14,-24,-28]
[-5,-6,9,-28,-4,-21,-40,-24,-6,-5,14,19,-2,-30,-13,-9,10,-16,4,-15,-7,5,-11,-13,2,-18,1,-9,-3,17,-34,-28]
[-9,-6,-6,-21,0,-18,-35,-24,-5,-3,12,23,-1,-25,-15,6,24,-12,4,-10,-12,-8,-4,0,0,-15,-20,-3,-4,12,-37,-23]
[-7,0,-8,-20,-2,-15,-39,-24,-3,-6,6,22,-8,-15,-13,16,13,-10,1,-16,-21,-3,-5,8,6,-17,-27,-4,-8,7,-26,-25]
[-6,-4,-8,-18,0,-15,-30,-15,1,-2,7,19,-2,-11,-9,6,1,-13,-6,-20,-24,11,-9,2,7,-15,-18,-4,-6,16,-15,-25]
[-2,-6,-16,-18,3,-17,-21,-9,-1,-4,6,19,2,-12,-8,0,5,-16,1,-24,-21,-1,-4,0,-3,-19,-18,-9,-13,18,-15,-25]
[-20,-15,-3,-15,-4,-12,-15,-14,3,0,0,26,-4,-10,-6,1,11,-12,8,-14,-27,-17,7,2,-10,-26,-15,1,-5,5,-17,-16]
[-19,-25,-8,-17,-9,-10,-37,-20,17,-8,17,26,-15,-10,-1,-19,3,-6,10,-4,-37,-10,-6,8,-11,-30,-13,16,-5,-8,-13,-27]
[6,-24,-20,-22,-1,-17,-32,-13,10,3,-12,25,-10,-16,-13,-25,-21,10,5,-13,-27,3,-11,-1,7,-25,-16,2,-4,-14,-13,-42]
[-14,-27,-6,-10,7,-16,1,-1,2,-4,4,13,-14,1,-14,-3,-34,15,14,-6,-13,-2,-16,-8,1,-17,-6,-2,-6,-14,0,-33]


