output_mat:
[-46,-10,17,25,1,-66,6,-66,16,62,-6,-5,11,19,-70,78]
[-2,4,-17,33,-4,-100,11,-96,12,-2,-34,-1,19,27,-36,103]
[6,10,-24,29,-8,-102,8,-99,5,0,-41,3,22,23,-31,109]
[-8,12,-11,27,-6,-105,3,-99,3,-1,-43,2,19,22,-35,113]
[-18,2,-4,33,0,-107,2,-99,13,-5,-36,0,18,27,-39,112]
[-3,3,-17,37,0,-107,4,-101,19,-9,-38,1,23,27,-40,110]
[-2,15,-18,36,-4,-107,4,-102,9,-1,-46,1,21,23,-37,114]
[-8,5,-12,38,-1,-108,2,-102,14,-5,-39,1,21,26,-38,113]
[-9,10,-12,38,-1,-108,5,-102,15,-8,-43,-1,19,26,-42,114]
[-5,10,-15,42,-2,-108,8,-102,13,-7,-39,-2,18,27,-34,111]
[4,8,-20,36,-3,-105,11,-98,8,-9,-40,-1,18,27,-29,109]
[0,7,-17,27,-3,-103,9,-96,9,-6,-39,0,19,26,-34,106]
[-9,6,-15,29,-3,-106,2,-101,13,7,-38,3,24,25,-45,111]
[-7,11,-17,36,-6,-113,-2,-109,12,5,-44,4,26,22,-45,123]
[-6,13,-17,39,-9,-119,-3,-115,9,-3,-47,5,25,22,-39,127]
[-9,12,-14,41,-8,-122,-1,-117,7,0,-48,5,24,23,-38,127]
[-10,10,-11,44,-5,-122,3,-116,8,-11,-49,1,20,26,-37,127]
[-5,6,-13,45,-2,-117,9,-110,12,-19,-44,-1,18,30,-33,122]
[3,6,-18,41,-1,-109,13,-102,12,-20,-41,-3,18,29,-31,106]
[0,10,-14,37,-1,-101,14,-94,8,-16,-39,-5,14,28,-29,94]
[-6,6,-7,35,2,-94,18,-86,9,-18,-33,-8,10,30,-26,86]
[-6,3,-9,33,5,-90,23,-81,12,-12,-28,-10,8,32,-28,80]
[-7,7,-10,31,5,-88,26,-80,10,-1,-29,-11,7,32,-32,84]
[-5,2,-12,33,6,-91,25,-83,12,0,-29,-10,10,32,-33,88]
[-9,7,-9,33,7,-93,23,-85,12,2,-36,-11,9,32,-39,95]
[-11,1,-8,35,12,-94,21,-84,21,-9,-33,-11,9,37,-40,96]
[-10,8,-12,31,12,-94,25,-83,22,-7,-36,-12,7,39,-42,98]
[-11,7,-12,32,13,-95,28,-84,22,1,-34,-13,7,42,-44,100]
[-11,10,-11,34,14,-96,32,-86,19,-4,-40,-16,4,43,-42,104]
[-11,7,-7,40,19,-94,38,-81,20,-17,-38,-20,-2,47,-35,98]
[-11,3,-5,42,25,-86,46,-73,24,-18,-34,-25,-7,51,-34,86]
[61,-13,-56,34,18,-54,35,-43,38,-77,-21,-11,10,44,4,48]
[-68,-13,33,23,4,-97,10,-81,7,75,21,-2,-1,17,-59,4]
[-14,-9,-8,29,-2,-128,19,-120,5,4,2,3,-1,29,-11,9]
[3,-1,-25,21,-10,-128,22,-124,0,0,-4,7,-1,28,-5,15]
[-13,9,-10,8,-11,-128,18,-124,-10,-1,-11,8,-6,27,1,23]
[-23,-5,2,14,-4,-128,9,-124,-3,-3,-2,10,0,29,2,19]
[-9,-4,-12,21,-7,-128,6,-126,-1,-4,-5,10,7,24,-6,16]
[-10,2,-11,24,-10,-128,7,-128,-6,-2,-6,11,3,21,-2,16]
[-15,-2,-5,24,-8,-128,4,-128,-1,-8,-5,10,4,22,-3,17]
[-17,1,-2,26,-6,-128,5,-127,-6,0,-5,9,3,22,0,15]
[-15,-8,-4,31,-2,-128,8,-125,3,-14,0,6,2,24,-5,9]
[-2,-2,-14,22,-5,-128,12,-118,3,-17,-1,7,1,26,3,4]
[-7,2,-13,7,-8,-128,13,-115,-3,-4,-1,9,-1,27,1,4]
[-21,0,-9,9,-9,-128,12,-123,-3,13,1,10,2,25,-12,9]
[-20,0,-9,22,-11,-128,13,-128,-6,11,-1,10,0,24,-9,16]
[-19,-3,-7,27,-11,-128,17,-128,-4,1,-3,8,-2,26,-6,20]
[-19,-6,-6,30,-9,-128,17,-128,-1,-3,-3,8,-1,28,-6,19]
[-15,-1,-3,32,-6,-128,14,-128,-3,-17,-7,7,-1,27,2,14]
[-9,-2,-3,31,-3,-128,13,-128,-1,-33,-3,5,-3,27,14,-2]
[-7,7,-5,25,-5,-128,22,-110,-8,-37,1,-1,-12,27,22,-18]
[-10,4,0,20,-4,-128,39,-93,-20,-26,12,-7,-23,30,38,-33]
[-14,-1,9,12,-1,-117,52,-79,-25,-22,14,-15,-30,34,35,-38]
[-15,-8,7,7,3,-110,59,-71,-23,-9,21,-18,-29,38,29,-41]
[-11,-11,1,4,4,-109,60,-72,-23,8,21,-17,-24,38,16,-36]
[-7,-7,-6,3,2,-116,51,-79,-17,2,14,-14,-17,36,6,-26]
[-8,-3,-5,4,1,-125,39,-85,-22,12,11,-7,-11,33,13,-18]
[-10,-10,1,6,3,-128,21,-91,-14,5,5,-3,0,30,2,-8]
[-19,-2,4,10,4,-128,10,-96,-9,4,-1,-1,2,29,-7,3]
[-21,-6,2,17,7,-128,8,-101,0,0,3,0,3,34,-10,6]
[-16,0,1,21,8,-128,10,-104,-5,-2,-5,-2,2,34,-4,10]
[-15,-1,7,27,13,-128,6,-99,-4,-18,-8,-4,2,35,4,12]
[-12,1,9,29,17,-128,3,-87,-2,-22,-9,-7,4,34,7,11]
[80,-19,-62,31,13,-89,-1,-51,14,-71,-3,1,24,33,44,1]
[-72,-15,36,29,6,-101,5,-84,9,78,19,-2,4,16,-63,18]
[-16,-5,-5,39,0,-128,11,-124,5,7,-4,3,6,24,-17,22]
[2,-5,-25,29,-6,-128,16,-128,4,5,-4,7,6,27,-13,24]
[-10,6,-15,10,-8,-128,16,-128,-3,-2,-13,9,-2,30,-9,31]
[-17,-5,-8,14,-3,-128,6,-128,8,-15,-6,11,4,33,-7,23]
[-7,4,-17,21,-7,-128,5,-128,0,-3,-8,11,7,24,-4,16]
[-11,0,-11,25,-11,-128,5,-128,-2,-5,-5,12,4,20,-4,14]
[-16,1,-5,25,-9,-128,5,-128,-2,-4,-5,10,3,22,-3,15]
[-17,-3,-4,26,-8,-128,5,-128,-2,-8,-2,11,3,22,1,15]
[-7,-3,-6,27,-5,-128,-1,-126,-4,-8,-6,12,9,20,5,13]
[12,-20,-20,21,-3,-128,-12,-117,5,-7,2,19,20,18,2,-1]
[-7,0,-12,4,-7,-128,-22,-114,14,-13,-9,18,16,12,-30,-1]
[-43,11,5,11,-5,-128,-14,-119,15,1,6,14,3,20,-22,-2]
[-30,-3,-1,24,-5,-128,12,-128,4,8,14,9,-3,28,-2,-5]
[-14,-6,-6,22,-8,-128,22,-128,-3,-4,4,6,-3,27,-3,-6]
[-13,-2,-7,19,-9,-128,16,-128,-3,-14,6,8,-3,26,4,-13]
[-9,2,-5,17,-9,-128,14,-123,-13,-22,7,8,-6,24,26,-21]
[-19,13,9,13,-8,-128,23,-103,-19,-48,1,-4,-21,25,34,-23]
[-19,-9,14,21,8,-122,46,-77,-23,-27,25,-13,-31,37,55,-40]
[-8,-24,11,18,17,-95,59,-56,-8,-35,20,-24,-30,39,22,-52]
[-10,-13,14,13,28,-78,53,-37,2,-21,20,-26,-29,41,15,-65]
[-21,-10,18,6,32,-70,52,-28,14,-18,24,-31,-29,46,-4,-72]
[-20,0,6,0,28,-71,62,-28,9,-3,30,-32,-32,51,0,-71]
[-7,-1,-6,-4,22,-79,77,-38,-9,17,29,-31,-33,54,11,-65]
[-6,0,-10,-10,11,-88,80,-49,-13,-2,20,-30,-35,51,4,-52]
[0,-3,-13,-6,7,-100,71,-63,-24,24,23,-19,-24,48,23,-44]
[-6,-8,-4,0,3,-115,51,-80,-28,29,7,-13,-13,35,1,-23]
[-15,-14,4,14,7,-128,23,-94,-8,10,6,-6,0,32,-11,-13]
[-14,-2,1,22,6,-128,10,-100,-7,1,0,-2,3,29,-4,-4]
[-13,0,6,28,10,-128,1,-98,-7,-9,-5,-2,6,28,7,5]
[-14,-1,10,31,15,-128,-3,-90,-5,-16,-8,-4,7,29,5,11]
[76,-20,-58,33,12,-92,-5,-54,16,-77,-2,2,23,31,41,3]
[-68,-19,35,27,6,-104,3,-85,10,74,23,-1,7,16,-63,10]
[-12,-3,-6,34,-1,-128,6,-124,0,3,-1,4,9,21,-12,4]
[-4,-6,-18,24,-8,-128,8,-128,4,3,4,8,10,23,-15,2]
[-11,5,-14,8,-12,-128,9,-128,-8,2,-4,12,2,27,-2,14]
[-15,0,-9,10,-8,-128,4,-128,-1,-14,-7,13,4,31,0,18]
[-6,0,-18,20,-12,-128,8,-128,-6,-7,-3,13,4,24,5,14]
[-10,2,-11,22,-14,-128,10,-128,-8,-5,-7,11,1,19,-1,15]
[-20,0,-2,23,-11,-128,10,-128,-7,-2,-3,10,-1,22,2,16]
[-16,-5,-5,25,-9,-128,10,-128,-3,-8,-2,10,1,24,1,16]
[3,-5,-18,24,-11,-128,4,-128,-4,-12,-4,14,8,20,8,13]
[70,-43,-63,18,-17,-128,-34,-121,9,-9,11,44,52,3,20,-17]
[11,43,-19,-17,-40,-128,-75,-117,-18,-8,-48,42,38,-35,-33,-1]
[-96,4,59,9,-11,-128,-68,-109,10,-7,25,30,4,0,-6,-19]
[-52,-24,24,23,-1,-128,-6,-110,15,-20,36,12,-5,26,4,-30]
[-5,1,-10,11,-9,-128,24,-110,-10,-13,14,4,-10,25,18,-37]
[-19,12,1,-2,-12,-128,36,-101,-21,-27,11,-3,-26,28,25,-40]
[-29,13,10,-6,-10,-127,63,-83,-31,-39,22,-14,-48,42,55,-40]
[-27,-11,25,-1,11,-106,90,-61,-49,-8,26,-27,-57,55,74,-41]
[5,-57,12,4,29,-82,66,-39,0,-45,28,-24,-24,52,24,-55]
[27,0,-7,-4,25,-60,15,-19,-1,-20,-2,-13,2,25,15,-55]
[9,-1,8,-4,25,-45,-22,2,1,-22,11,-4,10,12,19,-61]
[-16,0,29,-5,32,-37,-30,12,-1,0,15,-8,9,11,4,-66]
[-33,-21,34,1,45,-40,-17,13,18,7,33,-17,3,26,-22,-74]
[-25,-10,16,-1,42,-48,10,5,30,-11,30,-25,-9,39,-31,-74]
[-16,-4,5,0,46,-56,40,-6,14,24,32,-30,-19,52,-7,-75]
[-7,-15,-11,0,34,-67,57,-25,28,-4,28,-33,-20,54,-36,-69]
[2,12,-22,5,18,-85,60,-47,-1,33,21,-23,-18,44,-3,-55]
[2,1,-12,10,9,-108,46,-72,-16,32,11,-15,-7,34,0,-35]
[-6,-4,-4,17,4,-127,25,-87,-17,18,6,-7,-1,26,-3,-18]
[-15,0,5,22,5,-128,10,-93,-11,-2,-1,-4,1,25,1,0]
[-16,0,10,28,11,-128,3,-90,-12,-6,-3,-4,4,28,11,11]
[73,-20,-54,31,10,-93,-2,-56,8,-74,-5,2,21,30,45,7]
[-60,-13,31,18,3,-95,8,-73,7,49,27,-3,-1,17,-48,-16]
[-8,7,-7,16,-8,-128,23,-102,-17,-14,12,0,-8,22,22,-36]
[-9,-12,-8,12,-10,-128,33,-107,-18,16,25,1,-8,25,10,-43]
[-14,-13,-7,6,-14,-128,31,-121,-16,15,14,4,-8,27,-4,-25]
[-19,-8,-3,13,-8,-128,19,-128,-6,6,2,7,-4,31,-3,-1]
[-10,-7,-15,23,-9,-128,15,-128,2,-10,-1,9,0,28,-3,12]
[-10,6,-14,24,-12,-128,17,-128,-6,1,-8,9,-2,24,0,19]
[-22,-2,-1,24,-9,-128,16,-128,-2,-6,-5,8,-4,26,-4,20]
[-15,-4,-7,26,-6,-128,14,-128,0,-6,-3,9,0,29,0,17]
[5,1,-25,26,-14,-128,14,-128,0,-18,-8,11,3,24,3,18]
[99,6,-116,11,-55,-128,8,-123,8,-71,-2,34,26,4,40,11]
[28,100,-50,-31,-87,-109,31,-114,-128,49,-45,33,-31,-32,101,35]
[-113,-45,105,-5,-26,-116,16,-99,-50,-19,21,11,-42,9,30,8]
[-67,-32,57,11,0,-119,31,-86,-7,-44,25,-8,-31,34,17,-25]
[-20,11,4,1,-7,-108,74,-69,-30,-37,21,-21,-51,43,50,-40]
[-26,-7,19,-7,9,-93,109,-54,-47,-3,29,-33,-67,60,62,-52]
[-40,-40,40,-4,37,-79,116,-39,-13,-17,25,-49,-67,77,13,-55]
[-5,-46,13,0,49,-69,81,-20,28,-44,28,-37,-35,76,7,-63]
[66,2,-42,-12,33,-47,21,-8,17,-17,-6,-14,17,41,18,-52]
[57,29,-45,-22,4,-28,-21,5,-23,0,-12,5,22,1,25,-32]
[18,6,-5,-15,4,-13,-45,16,-15,-14,0,10,22,-7,23,-21]
[-8,6,22,-13,9,-7,-53,24,-18,-2,0,9,19,-12,16,-15]
[-31,4,45,-13,18,-11,-59,29,-13,-2,4,3,20,-6,3,-17]
[-30,-10,41,-5,34,-23,-47,27,-14,24,18,-4,19,9,5,-32]
[-18,-22,24,-6,34,-33,-36,22,11,-16,20,-10,18,17,-25,-43]
[-26,24,18,-3,35,-43,-9,10,-4,15,10,-23,0,26,-13,-45]
[-22,-13,0,12,31,-58,43,-8,3,10,45,-32,-20,44,-10,-60]
[15,-11,-28,12,19,-75,71,-38,-11,37,30,-29,-16,43,-5,-54]
[16,-6,-24,10,8,-99,49,-67,-17,40,10,-15,-3,30,-12,-32]
[-13,2,2,15,8,-123,18,-85,-11,20,-3,-8,0,24,-15,-7]
[-23,-6,12,25,14,-128,4,-88,2,-6,3,-4,3,30,-5,4]
[70,-13,-54,28,10,-94,-1,-57,11,-73,-6,3,18,31,46,5]
[-52,-12,32,12,9,-73,23,-49,-3,32,32,-9,-16,23,-17,-33]
[-35,25,18,0,-1,-102,64,-61,-22,-51,8,-27,-52,37,27,-47]
[-25,-22,3,12,8,-96,102,-60,-21,16,60,-28,-50,57,49,-72]
[17,-28,-26,8,-6,-110,99,-92,-35,59,23,-19,-24,39,2,-52]
[-3,-14,-11,14,-11,-128,43,-121,-16,36,-2,-2,-4,24,-25,-15]
[-13,-4,-9,24,-8,-128,11,-128,1,5,-2,8,3,25,-12,8]
[-12,-1,-13,25,-10,-128,12,-128,-2,-4,-2,11,0,25,-2,15]
[-18,-2,-3,24,-7,-128,11,-128,-2,-2,-7,10,1,26,-5,16]
[-17,-5,-6,27,-6,-128,7,-128,5,-10,-4,10,4,27,-7,15]
[-4,0,-19,35,-8,-128,14,-128,1,-6,-6,8,2,26,-1,17]
[45,-8,-80,43,-13,-128,62,-128,30,-37,-3,-6,-15,39,-15,20]
[0,22,-51,16,-34,-102,127,-110,-9,-45,-2,-14,-84,38,21,21]
[-60,-7,63,9,14,-90,89,-89,3,-14,-12,-18,-55,52,30,3]
[-52,-13,60,13,31,-90,46,-62,7,-19,-5,-23,-33,46,6,-25]
[-51,-23,47,19,48,-80,55,-34,24,-37,21,-37,-45,61,-2,-49]
[-21,-36,24,15,60,-63,62,-12,45,-44,31,-38,-33,72,-2,-70]
[-5,12,23,-2,55,-53,30,1,15,-7,-7,-33,-11,54,1,-59]
[26,-6,-7,0,46,-46,-8,11,20,-16,10,-19,20,44,8,-54]
[90,-3,-81,-6,16,-24,-8,11,-1,7,10,-1,36,19,13,-42]
[67,14,-64,-17,-8,-6,-17,5,-15,8,-14,9,25,-9,-7,-12]
[6,18,-6,-11,-4,1,-36,7,-1,-9,-17,9,14,-11,-6,14]
[-22,18,19,-6,1,3,-27,14,-6,-8,-8,4,2,-3,11,28]
[-28,1,34,-3,15,2,-13,18,-16,13,-4,-5,1,7,11,26]
[-13,-18,27,-4,21,-7,-27,20,1,-11,-1,-2,17,7,-8,12]
[-14,25,24,-8,21,-13,-39,20,-14,6,-19,-7,18,3,-4,10]
[-52,0,52,5,37,-26,-14,25,-18,6,14,-21,-9,21,4,-13]
[-48,-24,46,16,56,-35,23,19,20,-16,26,-41,-14,46,-33,-42]
[5,-11,-22,17,40,-50,58,-3,18,23,39,-39,-11,52,-23,-59]
[41,2,-56,4,13,-73,64,-40,-12,57,19,-22,-1,36,-13,-39]
[4,15,-17,0,0,-106,31,-73,-28,46,-9,-9,0,20,-16,-6]
[-27,-5,14,13,9,-128,2,-85,-7,5,1,-2,4,27,-9,7]
[65,-16,-51,22,8,-95,-2,-57,6,-72,-2,5,16,31,49,5]
[-46,-15,40,8,18,-50,8,-24,12,-7,21,-11,-13,22,-19,-37]
[-77,20,73,4,40,-69,45,-19,-18,-12,4,-38,-57,46,23,-46]
[-52,-79,37,35,69,-61,77,-12,71,-35,72,-49,-35,81,-36,-83]
[54,0,-77,24,23,-75,90,-52,24,61,26,-30,-3,45,-35,-73]
[25,30,-47,15,-12,-118,49,-101,-20,85,-8,-7,2,13,-32,-24]
[-19,0,-5,23,-12,-128,15,-128,-9,25,1,7,0,19,-14,6]
[-14,-6,-9,25,-11,-128,12,-128,-2,-8,0,11,1,26,-1,13]
[-9,-1,-11,22,-12,-128,10,-128,-7,-5,-5,12,2,23,4,13]
[-15,0,-4,22,-10,-128,6,-128,-6,-10,-4,10,2,22,1,8]
[-14,1,-6,29,-10,-128,14,-127,-6,-27,3,5,-5,23,12,-4]
[-4,3,-10,31,-5,-128,42,-112,-11,-28,2,-7,-21,33,25,-11]
[-1,-26,-7,23,3,-115,65,-87,-1,-41,18,-12,-35,43,28,-23]
[11,-20,0,9,13,-88,31,-65,13,-37,-2,-4,-6,34,15,-29]
[-15,22,31,-2,15,-76,-19,-38,-11,-18,-21,0,3,12,20,-22]
[-50,-4,71,3,36,-69,-49,-7,-4,-31,4,-4,7,20,28,-26]
[-2,-22,26,8,45,-50,-53,15,15,-36,15,-6,32,24,16,-38]
[13,17,1,2,31,-35,-41,24,-18,4,-2,-10,25,9,9,-31]
[8,-6,1,10,35,-26,-28,24,5,-9,10,-17,22,19,-9,-25]
[76,-15,-78,8,12,-10,0,16,13,-5,23,-5,29,16,1,-26]
[86,23,-86,-13,-20,3,1,-1,-27,36,-15,11,26,-15,5,1]
[-5,23,3,-13,-15,-3,-25,-8,-22,16,-28,9,7,-20,-14,30]
[-59,-3,49,2,10,-11,-17,-1,9,-15,0,-3,-11,8,-11,31]
[-29,-13,28,4,21,-11,4,6,15,-17,5,-9,-5,24,0,23]
[8,15,-1,-5,13,-7,2,8,-3,-4,-18,-11,8,16,0,24]
[-21,20,22,-4,15,-11,7,13,-29,13,-12,-16,-10,14,12,24]
[-51,-6,65,2,36,-17,2,26,-10,-34,-3,-26,-14,28,7,12]
[-44,-1,62,11,60,-24,3,34,-11,8,3,-36,-3,40,10,-14]
[-15,-26,9,16,57,-34,29,23,21,9,29,-44,1,49,-48,-37]
[43,-10,-67,10,28,-54,60,-14,15,40,35,-30,3,47,-36,-46]
[29,22,-50,-4,2,-86,56,-58,-27,63,-3,-15,-4,28,-21,-19]
[-21,0,8,7,8,-119,18,-82,-11,23,-6,-7,0,29,-19,3]
[59,-20,-45,21,9,-93,0,-57,11,-74,-2,4,14,34,43,3]
[-33,17,44,-6,8,-30,-43,-9,-2,-10,-19,2,8,-8,-24,-18]
[-106,13,116,-2,39,-54,-40,13,-16,-32,11,-12,-27,20,42,-28]
[-27,-85,55,26,83,-45,-41,20,54,7,54,-16,44,47,-17,-69]
[63,-1,-87,15,21,-59,-22,-21,38,42,15,-8,54,0,-101,-65]
[1,41,-53,19,-11,-106,-1,-78,1,85,19,5,13,-5,-54,-33]
[-30,0,-1,26,-8,-128,14,-121,-3,37,13,6,-2,19,-17,-4]
[-11,-11,-8,29,-7,-128,15,-128,2,-6,2,8,2,26,-4,1]
[1,-3,-18,24,-12,-128,12,-128,0,-18,0,11,2,22,3,-5]
[1,-7,-12,15,-8,-128,5,-122,-6,-12,7,15,4,19,16,-22]
[-29,16,14,10,-7,-128,7,-103,-7,-49,-4,0,-17,17,9,-28]
[-30,-18,23,25,14,-126,26,-78,-4,-24,36,-4,-24,35,52,-53]
[27,-42,-11,14,14,-96,14,-60,14,-31,19,1,8,25,17,-53]
[52,11,-40,-2,-4,-70,-31,-45,5,-25,-11,16,30,-3,12,-37]
[-12,37,14,-11,-9,-56,-47,-25,-28,-8,-13,16,7,-14,32,-12]
[-60,0,74,-4,18,-47,-48,-1,-14,-31,3,1,1,8,31,2]
[-12,-12,28,5,30,-28,-32,18,-3,-28,9,-9,17,20,26,-1]
[10,9,-1,3,20,-15,-9,26,-27,-1,-1,-15,9,9,16,1]
[-8,-2,21,8,33,-13,-6,26,-14,8,-1,-22,9,16,-5,0]
[34,-10,-44,11,19,-5,20,18,22,-21,15,-24,9,25,-25,-4]
[89,15,-109,-4,-19,6,59,0,-18,27,14,-5,-1,10,20,0]
[25,28,-23,-24,-26,-1,38,-17,-56,44,-30,1,-13,-11,12,27]
[-66,-11,73,-10,9,-21,-13,-12,-8,-8,-12,-3,-11,5,-12,24]
[-46,-13,44,2,25,-25,-12,0,23,-34,8,-11,-4,26,-9,9]
[-7,11,-1,0,20,-17,28,6,-5,1,3,-20,-15,31,11,7]
[-16,-4,19,-2,25,-16,37,11,-12,-6,-1,-25,-20,33,7,8]
[-31,0,52,4,47,-17,10,21,-7,-5,-17,-30,-7,36,4,12]
[-36,-8,53,11,58,-22,-11,36,11,-25,-3,-32,4,37,-10,2]
[-30,12,34,11,63,-29,2,34,7,15,1,-42,6,44,-26,-11]
[21,-20,-42,13,45,-44,46,9,21,21,39,-38,5,55,-38,-41]
[53,4,-77,1,10,-69,70,-37,-17,63,19,-22,-1,37,-23,-39]
[2,12,-13,4,3,-104,33,-74,-22,44,-13,-11,0,23,-27,-11]
[55,-19,-39,23,7,-88,-3,-55,9,-65,-1,4,15,30,40,-4]
[-7,55,24,-22,-21,-8,-50,-5,-59,36,-42,19,10,-40,19,2]
[-116,-33,127,-1,35,-31,-86,20,1,-45,14,6,2,-2,14,-15]
[14,-66,18,10,48,-20,-109,30,65,-28,42,19,84,6,-17,-54]
[58,55,-76,-14,-14,-36,-84,-11,-27,98,-10,24,71,-46,-51,-37]
[-61,3,8,8,-18,-92,-47,-66,-4,66,34,17,16,-22,-74,-23]
[-53,-15,18,27,-5,-128,-5,-109,10,21,31,10,-1,17,-20,-16]
[-4,-2,-11,27,-10,-128,15,-124,-5,-12,6,8,-1,21,11,-16]
[39,-37,-37,24,-7,-128,0,-115,-2,-2,24,23,21,14,27,-48]
[60,-34,-46,-2,-17,-126,-54,-102,18,-30,5,43,49,-16,-10,-70]
[-29,15,33,-9,-2,-115,-106,-80,7,2,-10,43,34,-30,-10,-61]
[-72,-30,63,7,22,-105,-118,-52,77,-79,30,32,33,-5,-31,-55]
[29,10,-34,3,5,-75,-85,-36,39,-18,25,36,49,-7,28,-46]
[39,43,-49,-21,-29,-45,-46,-31,-22,-4,-12,26,22,-28,20,-11]
[-41,12,31,-17,-15,-36,-25,-18,-29,-6,8,15,-14,-11,32,3]
[-75,-12,84,-9,22,-31,-15,-2,-7,-19,1,-7,-16,17,12,12]
[-33,-25,41,6,41,-22,-8,14,20,-27,11,-18,1,34,0,3]
[2,10,1,3,30,-11,11,24,3,-18,-5,-24,-3,27,-4,4]
[-16,20,20,0,32,-9,18,28,-12,-1,-7,-29,-10,29,6,6]
[-3,-14,1,10,44,-9,42,21,2,26,13,-37,-8,45,-14,-3]
[78,-47,-96,11,20,-1,71,3,44,-7,32,-23,3,42,-46,-21]
[66,47,-80,-20,-19,-2,54,-16,-13,20,-30,-4,-11,3,-10,3]
[-34,21,44,-17,2,-20,-9,-15,-20,20,-22,5,-6,1,17,10]
[-61,-19,70,-2,29,-30,-31,-4,10,-9,-1,-5,2,17,-14,4]
[-39,-15,33,5,36,-29,-8,8,27,-28,13,-16,-5,32,-19,-5]
[-7,2,10,2,37,-23,7,14,15,-13,2,-20,-1,35,0,-7]
[-6,13,24,-1,36,-22,-7,22,-11,0,-14,-19,7,25,11,2]
[-21,0,45,6,50,-24,-33,31,-5,-2,-11,-21,20,24,-3,4]
[-45,1,54,10,62,-32,-26,36,2,2,-1,-33,11,33,-29,-4]
[-20,-11,8,17,64,-41,16,24,35,-6,25,-45,5,58,-49,-27]
[54,-1,-83,13,27,-54,71,-11,9,31,38,-33,-1,52,-19,-47]
[41,26,-54,3,-1,-81,69,-54,-45,72,-5,-20,-7,24,-6,-25]
[62,-20,-41,18,2,-73,17,-48,-7,-45,-5,-3,10,23,31,-11]
[6,87,-10,-32,-53,14,-10,-3,-67,0,-50,16,-22,-48,26,15]
[-78,-40,119,-7,16,-3,-70,19,-21,-1,24,23,12,-10,73,-14]
[44,-52,-14,-8,8,14,-97,22,36,-21,11,25,81,-26,-40,-31]
[20,48,-59,-19,-44,-10,-65,-11,-29,73,10,35,35,-58,-36,-26]
[-106,11,65,-2,-21,-71,-36,-64,-20,82,18,17,-3,-23,-52,-3]
[-75,-39,48,28,1,-128,-10,-101,13,19,38,11,-1,18,-19,-8]
[-12,10,-6,23,-9,-128,22,-108,-6,-32,-3,-1,-15,21,9,-2]
[104,-49,-95,16,-24,-113,5,-90,10,-49,43,36,33,11,72,-58]
[127,40,-128,-47,-85,-64,-52,-77,-55,-15,-32,67,58,-65,56,-54]
[-7,47,13,-69,-93,-59,-128,-57,-88,12,-10,86,35,-94,73,-32]
[-110,-5,116,-50,-38,-62,-128,-40,-48,10,12,60,29,-54,39,1]
[-23,-67,7,-21,-21,-50,-88,-29,16,-43,59,48,35,-17,13,-14]
[1,26,-23,-37,-34,-27,-22,-29,-27,2,-9,25,-4,-22,4,10]
[-69,-6,56,-25,-5,-26,-15,-18,3,-26,7,11,-22,5,7,13]
[-65,-11,74,-16,24,-29,-21,-4,0,-1,2,2,-7,20,18,9]
[-43,-3,53,-8,33,-26,-31,11,15,-35,-12,-12,7,23,-13,11]
[-15,2,18,5,38,-20,-9,24,0,-4,9,-17,2,30,15,-2]
[-33,9,35,2,42,-13,22,29,-3,-13,-9,-38,-18,37,-19,7]
[-6,-33,12,11,57,-20,24,28,22,8,27,-30,4,53,-7,-18]
[115,-39,-104,3,29,-11,4,6,38,23,11,-4,58,25,-42,-35]
[82,52,-100,-21,-24,-10,-14,-13,-8,17,-33,13,24,-24,-41,-9]
[-19,10,13,-11,-8,-21,-42,-14,5,-2,4,23,8,-12,9,-8]
[-61,21,70,-16,7,-27,-53,-6,-8,-8,-19,8,5,-6,3,10]
[-61,-9,68,-2,29,-33,-45,10,0,-12,12,-3,6,17,15,0]
[-4,-26,14,3,34,-26,-19,16,6,-13,15,-10,17,25,1,-12]
[5,12,5,-3,26,-19,-18,20,-5,-11,-12,-14,13,14,-10,-2]
[-17,12,32,2,34,-22,-31,27,-10,-3,-5,-14,15,17,11,1]
[-41,9,61,0,47,-30,-33,35,-22,3,-7,-23,11,22,4,2]
[-51,-14,60,10,71,-41,-14,34,5,8,13,-41,8,47,-30,-17]
[16,-29,-40,20,57,-46,43,15,43,-9,45,-46,4,63,-54,-48]
[57,24,-87,8,15,-61,87,-24,-12,46,20,-33,-13,42,-12,-45]
[87,3,-70,9,3,-51,53,-32,-23,-2,-8,-13,2,28,40,-19]
[-7,93,-8,-27,-47,27,19,-1,-68,17,-55,2,-45,-42,11,18]
[-50,-71,71,3,10,23,-27,21,45,-68,49,16,-1,8,40,-21]
[76,20,-58,-21,-22,46,-28,17,-19,47,-16,22,42,-33,15,-16]
[-9,5,-24,-19,-48,14,-24,-15,-24,61,15,28,9,-53,-46,-15]
[-128,3,90,-2,-19,-56,-21,-65,-8,87,14,14,-16,-22,-63,6]
[-88,-43,65,29,8,-123,-22,-101,33,21,31,13,7,19,-33,6]
[-31,18,13,23,3,-128,6,-105,-8,-9,-18,0,-12,23,3,27]
[91,-22,-110,18,-21,-89,36,-78,59,-128,19,7,3,37,27,-1]
[127,64,-128,-35,-92,-9,104,-56,-74,13,-2,32,-25,-13,127,-14]
[23,21,-40,-75,-100,19,78,-55,-82,26,-25,32,-54,-43,30,14]
[-124,-14,112,-62,-43,-9,4,-46,-34,29,2,30,-48,-14,18,26]
[-43,-63,38,-38,-13,-24,-26,-41,38,-33,25,33,7,12,0,6]
[-1,15,-16,-46,-34,-21,-19,-36,-20,16,-12,35,-2,-16,11,13]
[-77,4,71,-33,-6,-26,-43,-26,7,-22,-19,18,-8,-3,-17,24]
[-64,-11,61,-16,12,-32,-45,-8,20,-34,11,14,1,15,14,10]
[-40,12,52,-11,26,-27,-29,4,-20,14,-15,-4,4,16,19,15]
[-31,-28,41,5,37,-24,-28,19,20,-46,6,-13,10,25,-16,2]
[-53,36,58,0,46,-23,-6,31,-16,3,-19,-33,-13,31,1,11]
[24,-74,-5,18,63,-23,-12,31,43,-7,48,-15,40,50,-7,-34]
[127,-11,-128,-11,-3,-4,-40,4,25,22,-7,23,95,-14,-42,-41]
[67,93,-88,-36,-55,-7,-62,-15,-48,37,-47,35,31,-63,-17,1]
[-44,-9,31,-12,-23,-16,-60,-15,4,-24,24,33,6,-22,20,-3]
[-73,30,70,-20,-10,-16,-19,-7,-38,5,-14,4,-24,-8,24,18]
[-79,-35,88,0,29,-24,-9,9,1,-25,22,-11,-16,28,18,2]
[6,-18,9,-2,27,-16,-2,17,5,-21,7,-13,11,27,8,-8]
[16,14,-5,-4,19,-13,-6,17,-28,23,-9,-11,12,10,11,-3]
[-19,-7,31,4,30,-16,-21,21,-2,-13,-5,-16,9,14,-15,2]
[-33,3,49,4,44,-22,-27,31,-5,-8,-1,-19,8,22,5,-4]
[-52,0,73,-2,62,-33,-33,39,-3,0,-1,-28,12,33,-11,-14]
[-16,-24,18,10,73,-41,-14,32,28,10,27,-36,23,51,-40,-40]
[28,1,-60,9,38,-52,44,2,23,13,29,-38,1,48,-54,-43]
[103,-3,-104,14,15,-38,58,-12,3,3,16,-16,6,40,27,-31]
[-24,111,10,-36,-52,29,17,5,-87,20,-65,3,-54,-49,23,29]
[-52,-92,70,15,28,34,-15,24,65,-51,57,3,1,24,22,-17]
[96,4,-103,-17,-31,59,25,19,-1,19,2,13,13,-23,-4,-16]
[-6,37,-21,-27,-49,32,5,-16,-19,62,-13,20,-6,-47,-39,-3]
[-128,8,96,-10,-25,-45,-11,-60,-21,97,18,17,-22,-23,-41,6]
[-91,-46,70,16,0,-117,-19,-102,19,37,29,15,8,15,-37,10]
[-40,8,26,12,-6,-128,-13,-111,-22,5,-15,13,-1,17,7,39]
[6,-15,-21,28,23,-108,28,-85,42,-74,-16,-17,-13,58,-10,46]
[127,-49,-128,13,-21,-23,127,-48,74,-114,45,-3,-36,59,18,-5]
[74,92,-111,-59,-63,30,127,-50,-30,42,-65,-2,-67,4,2,31]
[-95,14,71,-53,-35,3,67,-44,-13,23,-13,7,-69,16,8,37]
[-12,-50,11,-34,-13,-16,27,-47,20,0,16,22,-7,29,23,9]
[47,-6,-54,-46,-49,-14,-5,-46,-15,2,-16,41,12,-20,3,7]
[-64,35,64,-38,-28,-26,-62,-40,-27,13,-43,34,1,-31,-2,27]
[-95,-32,91,-3,13,-36,-68,-20,34,-40,17,18,4,6,-8,9]
[-39,-5,41,-3,15,-32,-36,-3,5,-21,6,8,5,11,17,5]
[-15,-4,39,0,32,-24,-48,9,1,-2,-14,-1,27,10,4,4]
[-79,21,86,-1,42,-31,-43,28,-12,-16,-17,-22,-6,15,-18,13]
[53,-88,-31,24,60,-21,-54,29,79,-32,59,3,74,40,-10,-46]
[127,51,-128,-24,-46,14,-33,-1,-6,27,-26,31,83,-41,-27,-27]
[28,90,-61,-38,-76,8,-20,-19,-84,54,-29,34,-12,-65,24,12]
[-84,-35,76,-9,-17,-1,-12,-18,8,-31,22,13,-26,-5,6,8]
[-89,6,83,-11,3,-9,23,-4,-24,1,2,-10,-48,13,24,12]
[-70,-40,88,3,42,-16,10,10,20,-27,12,-21,-16,40,3,-2]
[7,-6,1,3,34,-9,12,19,13,-12,1,-22,4,32,-5,-9]
[22,11,-21,-2,15,-7,15,19,-9,-2,1,-15,1,17,6,-7]
[-6,19,21,-2,21,-9,-1,19,-27,16,-16,-16,2,12,13,6]
[-18,-13,40,1,33,-15,-22,29,-11,-15,2,-14,10,18,11,-2]
[-32,3,56,-8,46,-21,-38,38,-14,1,-8,-18,17,20,-1,-5]
[-25,-18,39,-2,59,-32,-49,37,11,8,13,-19,34,31,-25,-20]
[-14,6,-2,5,49,-50,-12,12,8,33,10,-30,18,35,-54,-20]
[94,-40,-101,24,29,-38,19,0,40,-26,38,-12,30,43,-7,-33]
[-36,113,20,-39,-51,29,21,6,-93,29,-68,1,-61,-48,22,37]
[-57,-117,82,18,43,31,-29,24,84,-44,62,7,17,30,6,-16]
[116,10,-124,-18,-30,57,1,17,19,7,-10,19,32,-29,-30,-12]
[-29,82,-15,-32,-53,37,13,-9,-25,43,-27,10,-31,-45,-34,12]
[-128,-16,98,-5,-16,-30,37,-44,-11,73,52,2,-51,6,-9,-14]
[-70,-46,53,3,-3,-96,39,-93,1,63,29,0,-10,26,-35,-15]
[-33,-2,17,2,-15,-128,8,-116,-21,19,-7,11,-3,18,-7,16]
[-49,11,53,8,15,-128,-9,-92,-15,-42,-32,-3,-13,41,28,49]
[102,-72,-107,19,16,-68,25,-50,79,-123,29,3,23,62,16,5]
[86,80,-128,-38,-50,-6,98,-40,-35,22,-42,-2,-43,5,-3,26]
[-55,-26,36,-20,-3,-12,63,-43,10,36,5,0,-43,30,-15,13]
[27,-47,-32,-15,-6,-21,15,-50,68,-41,2,17,12,22,-40,-10]
[93,28,-109,-28,-56,-9,-14,-51,8,8,-12,48,26,-29,17,-16]
[-38,55,33,-38,-60,-16,-48,-47,-52,23,-40,45,-8,-56,23,15]
[-120,-30,127,-5,0,-33,-82,-28,11,-21,10,27,3,-15,7,7]
[-50,-24,53,1,9,-32,-56,-9,20,-36,17,14,12,1,5,0]
[-5,11,15,-8,5,-21,-42,4,-9,-16,-6,10,17,-2,24,6]
[-78,30,97,-13,25,-29,-47,21,-49,12,-24,-8,-5,1,23,20]
[64,-103,-40,21,44,-12,-64,23,81,-50,58,9,82,27,-23,-39]
[127,60,-128,-19,-56,26,4,-4,-24,47,-18,23,45,-43,-23,-22]
[-11,49,-25,-26,-63,19,23,-20,-44,17,-12,19,-42,-43,2,10]
[-101,-16,102,-6,1,5,10,-16,12,-9,5,0,-39,8,11,10]
[-89,-11,90,-5,17,-9,18,2,-1,-18,7,-13,-40,22,14,7]
[-48,-17,68,0,41,-14,3,16,11,-15,2,-20,-7,36,11,-1]
[-1,2,8,1,32,-9,10,25,-2,-8,-1,-24,-1,29,1,-4]
[14,-2,-16,5,26,-4,29,23,-1,-3,8,-26,-5,29,-2,-8]
[13,0,-5,4,25,-4,27,20,-14,15,-1,-21,-4,22,5,-5]
[8,-6,15,0,31,-6,-10,23,1,-9,-13,-15,15,17,-6,0]
[-17,14,33,-7,33,-13,-39,31,-9,4,-13,-10,19,11,-3,4]
[-23,-8,35,0,43,-25,-53,27,6,14,3,-9,34,18,-19,0]
[-39,9,32,5,42,-53,-38,6,-7,44,-2,-17,24,19,-43,6]
[78,-48,-74,29,35,-43,-24,-3,52,-37,28,-4,52,35,-22,-16]
[-36,107,22,-41,-50,25,12,4,-89,33,-68,6,-54,-50,16,39]
[-40,-112,70,10,35,25,-61,19,92,-52,55,21,41,20,1,-13]
[122,41,-128,-29,-48,51,-23,11,-8,23,-23,31,39,-45,-13,1]
[-77,65,38,-28,-40,32,11,-2,-47,45,-21,5,-53,-39,-19,18]
[-128,-64,125,8,22,-17,39,-20,52,-8,65,-16,-54,33,-43,-39]
[-39,-23,14,4,9,-69,62,-65,19,75,41,-11,-16,36,-31,-58]
[-14,4,-7,-1,-16,-122,38,-105,-22,58,2,2,-9,19,-19,-19]
[-62,18,66,3,3,-128,0,-95,-32,-33,-28,-2,-25,32,33,26]
[57,-56,-44,21,26,-90,6,-56,54,-108,18,-2,20,62,37,-1]
[76,40,-110,-19,-30,-31,76,-35,-34,3,-14,-5,-29,15,14,3]
[26,-40,-20,-14,-9,-22,18,-37,16,7,11,18,12,10,-5,-17]
[66,19,-62,-23,-33,-20,-39,-46,8,2,-29,34,40,-27,-15,-15]
[58,23,-96,-20,-73,-2,-16,-41,5,-41,15,43,3,-41,15,-19]
[-33,57,9,-36,-77,7,29,-36,-73,18,-6,30,-55,-42,76,6]
[-97,-40,116,-19,-18,-8,-5,-26,-32,11,14,18,-25,-11,44,3]
[-50,-40,65,-9,2,-18,-35,-15,2,-7,8,13,8,-6,-6,2]
[-28,6,24,-7,1,-16,-29,-3,6,-33,-4,4,-1,0,-3,10]
[-76,24,82,-10,19,-21,-15,17,-31,-9,-7,-9,-24,13,37,16]
[74,-80,-48,13,35,3,-26,17,60,-25,39,3,64,29,-6,-31]
[127,48,-128,-22,-59,31,24,-3,-30,32,-13,19,21,-41,-20,-17]
[-27,45,3,-25,-49,22,22,-16,-38,19,-17,14,-41,-34,6,12]
[-94,-29,100,-3,6,3,0,-9,6,-1,14,4,-29,7,18,4]
[-69,-22,83,-3,26,-9,-14,5,11,-12,-1,-7,-10,13,-8,1]
[-46,-8,58,4,40,-15,-27,18,24,-21,0,-14,5,23,-12,-5]
[-12,-6,20,8,43,-12,-13,27,12,0,9,-18,8,28,-2,-13]
[7,-11,-1,9,41,-8,-2,25,21,-5,3,-22,13,26,-28,-15]
[28,0,-23,8,28,-6,-10,23,18,-4,3,-11,20,16,-14,-17]
[31,20,-16,-1,18,-5,-27,20,-6,12,-15,-3,26,2,3,-4]
[-17,15,25,-5,17,-12,-39,20,-12,6,-12,-4,17,0,-9,9]
[-35,-1,36,5,28,-25,-38,12,3,14,1,-8,21,13,-20,15]
[-36,-1,32,12,29,-57,-29,-11,-14,48,1,-8,23,15,-25,19]
[72,-32,-57,27,25,-49,-33,-15,32,-35,2,-1,54,23,-19,5]
[-18,101,6,-45,-57,24,2,0,-90,40,-63,16,-41,-56,19,33]
[-30,-98,54,2,21,26,-68,10,86,-49,45,26,45,8,-9,-11]
[96,43,-124,-32,-57,47,-9,4,-15,24,-11,32,19,-45,-6,3]
[-86,42,70,-32,-34,28,-6,2,-50,27,-19,16,-47,-38,13,20]
[-128,-42,127,2,38,-8,-22,2,43,-24,25,-12,-25,19,-33,-25]
[-34,-47,6,16,23,-44,24,-24,42,45,72,-9,0,29,-37,-83]
[7,13,-33,-1,-15,-86,43,-74,-17,70,15,-4,-7,9,-35,-56]
[-62,14,64,6,4,-125,6,-82,-36,5,-9,-3,-25,22,29,-14]
[20,-65,1,31,38,-95,-11,-55,52,-79,19,-4,21,52,20,-21]
[71,15,-88,1,-8,-46,24,-32,9,-30,-7,1,1,12,-5,-15]
[110,-30,-103,-4,-18,-15,-18,-34,37,4,17,36,53,-8,3,-41]
[98,37,-99,-30,-61,-3,-56,-44,-23,38,-32,56,45,-67,-6,-26]
[-42,26,4,-16,-51,7,-43,-37,24,-39,-7,31,-19,-47,-36,-6]
[-87,-11,45,-2,-24,12,41,-20,23,-23,49,11,-72,5,35,-14]
[-55,-10,56,-19,-8,14,52,-18,17,-11,-1,-3,-42,15,10,1]
[-31,17,34,-22,-12,-1,15,-13,-18,20,-9,4,-17,3,26,11]
[-41,-2,46,-12,1,-12,9,-6,-33,12,-4,-4,-20,8,26,17]
[-69,-26,79,-3,28,-20,-1,8,-4,-23,0,-14,-18,23,-2,16]
[69,-49,-60,14,29,2,-15,8,70,-30,19,-1,50,29,-26,-9]
[127,57,-128,-16,-51,25,35,-8,-25,34,-18,15,7,-27,-3,9]
[-19,27,5,-19,-37,18,29,-18,-36,27,-20,12,-36,-23,9,25]
[-78,-14,84,-9,-1,2,-10,-9,17,-37,-5,4,-21,1,-2,17]
[-55,21,63,-10,5,-7,-14,8,-20,-3,-6,-1,-14,5,39,14]
[-47,-2,62,-7,20,-10,-4,20,-30,0,0,-15,-10,17,29,12]
[-5,-27,22,-1,27,-9,-4,29,-10,-18,14,-15,8,23,13,-2]
[27,2,-10,-6,22,-6,-15,27,-19,13,-6,-10,24,9,4,-5]
[30,-1,-24,-1,13,-4,-26,21,-5,2,0,-4,28,1,-13,-5]
[24,13,-25,-1,1,-5,-20,13,-13,9,-4,1,17,-5,0,8]
[-31,22,27,-2,7,-17,-14,2,-23,25,-18,-7,0,1,-8,35]
[-48,-21,43,19,30,-41,-13,-13,4,34,4,-10,10,22,-25,38]
[-18,-12,10,24,24,-72,-18,-37,12,21,-8,-6,26,17,-49,35]
[72,5,-60,28,13,-61,-28,-33,12,-30,-18,4,41,15,8,22]
[10,96,-23,-48,-66,29,0,-2,-80,29,-58,23,-32,-62,16,23]
[-34,-69,50,-11,6,31,-60,7,64,-34,35,28,31,-3,-1,-15]
[61,16,-92,-36,-52,46,-3,3,-8,23,9,32,6,-38,-6,-10]
[-52,20,48,-37,-37,32,-24,0,-30,13,-16,30,-21,-41,16,16]
[-128,10,127,-13,23,2,-65,12,3,-14,-19,1,-15,-11,-7,11]
[-47,-74,34,20,36,-19,-29,10,62,-7,84,1,19,20,-25,-76]
[25,24,-49,-11,-14,-41,29,-28,-21,62,22,-3,-2,-8,-29,-83]
[-53,-1,54,-1,-1,-85,-5,-51,-32,32,20,4,-14,2,21,-58]
[-20,-12,34,17,14,-84,-33,-47,18,-52,-3,-3,15,19,11,-7]
[70,-9,-73,17,-7,-52,3,-29,-15,-3,23,13,17,11,55,-5]
[127,-1,-128,-16,-55,0,12,-32,12,-57,-11,24,37,-21,-9,-8]
[93,100,-128,-51,-117,23,25,-34,-88,18,-23,45,-19,-65,83,13]
[-83,26,76,-39,-67,19,40,-32,-113,66,-12,20,-68,-36,83,44]
[-112,-88,111,-9,-9,8,33,-17,17,-65,28,-3,-51,16,-13,30]
[-34,-3,25,-7,3,7,47,-11,6,9,0,-10,-33,25,8,19]
[-23,-6,12,-6,3,2,60,-9,1,-2,0,-18,-38,26,-8,9]
[-28,-5,31,-4,11,-8,43,-5,-2,-9,-3,-15,-29,27,12,2]
[-42,4,57,-4,23,-23,-1,-3,-10,20,-19,-12,-1,21,3,24]
[55,-46,-53,19,23,-20,-21,-14,43,19,10,4,53,22,-35,27]
[93,40,-128,-2,-39,-5,25,-30,1,-5,-31,9,6,-14,-41,54]
[3,34,-19,-7,-32,-3,24,-30,-16,-7,-23,15,-24,-9,26,47]
[-49,0,61,-4,2,-3,0,-18,-11,10,-23,3,-15,1,11,31]
[-67,-28,68,7,24,-9,-8,0,23,-23,3,-9,-15,15,-25,13]
[-59,-2,62,8,42,-13,-2,15,29,-23,-4,-22,-14,31,-16,9]
[-6,-6,14,9,45,-7,5,25,30,-20,4,-23,4,39,-3,-3]
[38,14,-35,-3,20,2,17,26,-3,2,-3,-18,7,21,4,-4]
[24,19,-24,-7,9,3,16,17,-17,20,-9,-15,4,11,-3,6]
[-5,8,-9,0,4,-8,24,2,-12,24,-2,-15,-6,13,-14,27]
[-41,2,27,8,15,-35,27,-20,-18,53,-9,-17,-12,21,-20,55]
[-29,-29,24,22,29,-69,-5,-44,21,23,-9,-8,23,27,-51,58]
[1,21,-15,24,13,-98,-26,-66,6,24,-29,0,35,11,-44,54]
[62,5,-57,30,2,-79,-21,-48,2,-54,-13,8,26,14,29,30]
[40,95,-53,-51,-75,38,-4,-5,-75,27,-59,31,-22,-69,14,16]
[-46,-53,56,-22,-7,39,-57,8,51,-33,29,32,15,-13,2,-17]
[37,1,-62,-41,-48,52,-10,7,7,7,20,35,3,-33,-3,-25]
[-13,20,8,-44,-51,45,-23,1,-25,14,-8,37,-9,-44,22,-3]
[-128,33,127,-28,-5,16,-58,13,-43,10,-30,11,-27,-30,24,23]
[-73,-75,77,12,35,5,-48,26,65,-56,60,0,16,18,-17,-34]
[45,8,-63,-14,-9,-1,21,7,-25,64,35,6,3,-6,9,-62]
[-22,-2,22,-18,-11,-35,-11,-25,-19,31,3,8,2,-18,-25,-44]
[-76,6,73,19,21,-64,-30,-37,-4,36,2,-7,-4,6,-10,-12]
[33,-60,-42,33,11,-50,5,-27,63,-86,45,-1,12,29,-7,-19]
[112,69,-128,-6,-33,3,79,-30,-15,12,-30,-11,-18,9,20,10]
[13,6,-75,-6,-44,32,127,-29,-11,1,19,-24,-97,24,1,21]
[-64,-7,43,-13,-19,24,127,-30,-4,-8,-6,-27,-104,39,15,36]
[-69,1,88,-5,21,5,77,-24,4,22,-35,-28,-46,42,9,43]
[-23,-34,22,9,19,-10,45,-10,18,-13,8,-17,-21,35,-8,14]
[-6,15,9,1,15,-8,38,-2,2,-19,-19,-21,-21,24,-6,5]
[-9,-8,15,6,22,-10,25,6,7,-6,10,-16,-12,27,13,-20]
[-10,-17,17,4,23,-23,4,-6,1,47,4,-9,13,14,-24,-13]
[23,3,-37,6,1,-35,-16,-28,38,-9,-10,-4,34,9,-66,15]
[19,80,-64,1,-35,-35,57,-37,-44,4,-16,-12,-37,12,34,44]
[22,-33,-29,8,-17,-17,104,-32,-31,-20,24,-13,-45,37,65,22]
[17,2,3,-17,-18,-3,60,-22,-39,-8,-37,-9,-22,5,16,28]
[-58,30,71,-15,-1,-14,-8,-2,-30,-15,-30,-8,-17,2,18,32]
[-69,-4,79,-1,26,-22,-2,18,-30,-6,10,-18,-19,27,42,20]
[-13,-24,26,2,37,-12,25,27,-9,-22,7,-32,-7,42,6,11]
[32,-2,-34,-1,26,0,48,29,-8,-8,5,-32,-8,38,1,2]
[26,1,-30,-4,21,1,54,16,-14,31,0,-27,-10,31,-9,3]
[-14,-8,2,1,25,-20,40,-8,6,42,-5,-25,-7,29,-51,15]
[-26,-16,11,10,26,-59,12,-34,23,34,4,-11,10,30,-54,17]
[3,9,-13,11,15,-92,-20,-63,19,23,-16,1,37,19,-46,21]
[-3,25,-18,17,-2,-116,-18,-80,-14,19,-10,6,20,10,-15,16]
[47,-14,-37,27,0,-88,-9,-56,2,-73,-2,7,13,21,41,7]
[68,96,-83,-49,-87,46,5,-9,-82,36,-57,37,-19,-74,29,20]
[-49,-41,62,-26,-22,49,-53,4,31,-33,12,36,5,-26,8,-3]
[16,-8,-35,-36,-43,62,-19,12,16,-8,20,35,0,-32,-2,-23]
[1,11,-15,-37,-52,62,-4,5,-11,13,5,34,-15,-40,15,-17]
[-120,26,127,-30,-19,32,-34,11,-45,26,-22,17,-37,-36,27,15]
[-107,-55,125,7,43,17,-52,26,54,-33,21,-7,5,17,-26,0]
[44,-29,-64,-5,0,19,7,24,34,-15,48,6,13,10,-8,-36]
[31,48,-36,-31,-25,7,9,-6,-44,69,-19,10,5,-24,1,-22]
[-83,-7,86,-5,1,-40,-40,-20,-28,31,10,10,-2,-19,-6,-26]
[-22,-34,26,19,22,-44,-36,-19,44,-40,22,-4,19,16,-21,-24]
[9,30,-51,1,-7,-21,71,-12,-7,-11,15,-23,-51,28,12,3]
[-4,-43,-15,5,21,-2,114,-15,21,11,27,-28,-51,57,0,0]
[-2,-2,-2,-6,17,-4,77,-21,27,-4,-28,-26,-30,34,-46,13]
[-32,5,30,6,27,-25,20,-17,22,16,-8,-11,-13,27,-9,5]
[12,-25,1,11,28,-27,-18,-12,39,-16,0,1,24,17,-18,-9]
[-6,47,10,-1,12,-19,-24,4,-5,-21,-32,-7,-1,-1,-3,2]
[-22,-17,24,13,29,-11,-11,18,25,-30,27,-10,0,21,14,-26]
[32,-9,-30,-2,6,-12,-3,4,0,36,19,2,26,1,-9,-36]
[-2,22,-9,-3,2,-33,-3,-26,-24,77,-10,-6,10,-5,-40,-18]
[-65,-50,39,28,33,-57,34,-32,30,-12,38,-21,-40,37,-40,-30]
[12,-41,-21,28,39,-36,48,-26,105,-95,15,-25,-14,57,-46,-32]
[34,93,-53,-6,-6,-11,67,-12,-10,6,-34,-21,-37,24,37,7]
[-61,18,60,-3,19,-11,79,1,-45,29,-5,-35,-61,40,44,22]
[-71,-43,85,5,52,-17,67,17,11,-39,6,-50,-44,63,-12,14]
[-7,-16,22,9,64,-15,50,28,15,0,2,-45,-11,65,2,-2]
[23,-5,-23,6,50,-13,42,22,17,10,-10,-40,2,50,-37,8]
[34,-4,-45,9,34,-23,22,2,23,34,-4,-19,18,36,-40,24]
[17,20,-28,3,19,-52,-9,-31,4,55,-31,-2,29,15,-51,42]
[-3,6,-15,9,9,-89,-42,-60,18,25,-16,12,39,9,-52,34]
[1,23,-27,13,-5,-114,-31,-83,-4,26,-13,15,25,8,-22,27]
[-17,4,-7,21,-7,-128,-7,-95,-11,2,-3,11,2,14,-3,20]
[45,-12,-29,26,2,-93,-5,-64,4,-74,-12,8,7,24,48,15]
[84,80,-109,-36,-90,48,30,-16,-68,31,-43,34,-24,-64,30,27]
[-34,-16,47,-23,-36,52,-28,-7,9,-23,-13,34,-7,-33,19,24]
[-1,-13,-9,-23,-40,64,-19,7,13,-10,9,33,-4,-33,5,3]
[2,0,-17,-24,-47,68,-1,5,4,5,4,30,-13,-38,2,1]
[-84,24,87,-26,-31,43,-25,9,-32,20,-18,23,-29,-42,20,19]
[-124,-14,127,-7,25,18,-57,24,9,-7,-6,0,-6,-3,-2,17]
[14,-58,-22,3,19,23,-11,31,55,-36,53,0,18,21,-15,-31]
[51,47,-76,-33,-32,29,45,13,-31,24,-3,0,-18,-12,3,-23]
[-33,8,40,-24,-14,1,4,-1,-39,35,8,9,-13,-14,32,-29]
[-42,-31,62,-6,17,-21,-31,-8,-11,39,9,4,13,-2,-7,-27]
[-82,-10,63,-3,25,-34,-5,-1,23,-34,8,-21,-29,21,-52,-3]
[10,-46,-17,9,38,-28,13,1,66,-35,47,-6,11,52,5,-29]
[45,70,-46,-28,-7,-19,22,-9,-40,37,-47,-9,2,4,3,10]
[-2,-26,6,-7,5,-32,-18,-9,-7,2,21,10,15,8,17,-10]
[64,-19,-43,-10,-5,-23,-52,-13,-1,1,-4,26,54,-16,2,-14]
[-20,50,27,-17,-11,-20,-71,1,-41,-3,-39,16,11,-36,5,14]
[-74,-23,74,13,32,-12,-55,21,39,-59,22,-5,4,12,-7,-3]
[35,-16,-51,9,10,1,12,12,23,17,39,-4,16,15,-4,-27]
[17,38,-25,-18,-20,-17,24,-14,-53,62,-14,0,-7,-14,-2,-5]
[-34,-17,60,-8,5,-51,-49,-18,-20,-13,1,15,19,-5,24,-13]
[-9,12,23,0,15,-43,-53,-9,-10,-12,-11,-1,25,1,7,-10]
[-47,-2,16,11,18,-26,39,8,-9,-21,29,-30,-46,31,-2,-7]
[-57,-27,58,9,50,-20,78,17,16,-31,20,-47,-52,66,5,-7]
[-28,3,56,0,69,-21,47,28,0,6,-17,-50,-16,65,6,-5]
[26,-37,-2,4,65,-23,5,38,24,-12,15,-30,25,52,-12,-29]
[30,14,-26,-4,43,-31,-20,16,6,51,-18,-20,41,22,-54,-3]
[27,-13,-47,15,28,-56,-42,-19,36,49,6,0,59,16,-73,28]
[33,37,-60,10,-5,-87,-39,-61,0,42,-31,13,48,-3,-52,62]
[-6,24,-22,17,-9,-113,-36,-89,-5,27,-22,15,33,2,-32,62]
[-21,4,-9,25,-9,-128,-9,-102,-6,5,-6,10,10,12,-18,47]
[-22,0,3,30,-3,-128,4,-106,-1,-14,-10,4,3,20,-7,37]
[48,-4,-32,30,1,-96,1,-68,0,-76,-16,6,8,24,54,25]
[91,41,-120,-19,-75,42,55,-20,-43,30,-12,26,-23,-40,30,15]
[-6,3,14,-20,-45,48,4,-20,-5,-10,-32,26,-14,-36,9,36]
[-14,-10,6,-12,-38,53,-17,-5,18,-12,-1,31,-5,-32,3,26]
[2,0,-16,-15,-43,58,-5,-3,8,5,-2,30,-7,-36,2,23]
[-51,20,48,-21,-37,45,-16,1,-19,5,-18,24,-22,-40,11,27]
[-121,3,127,-14,9,21,-43,18,-12,1,-13,5,-21,-12,14,22]
[-15,-74,26,4,34,23,-33,31,60,-30,44,2,25,21,-16,-25]
[63,-3,-76,-17,-3,36,8,23,10,28,10,8,11,-8,-26,-36]
[-22,34,7,-26,-12,27,-9,13,24,-29,-18,1,-13,-16,-44,-17]
[-53,37,43,-21,-9,4,-9,12,-15,15,18,7,-19,-1,51,-19]
[-86,10,103,-25,16,-20,7,11,-73,60,-2,-14,-29,14,43,3]
[2,-87,8,1,35,-21,0,10,51,-67,42,-17,20,44,-34,-28]
[52,37,-68,-17,-3,-13,42,4,-41,47,1,-9,-12,13,20,-23]
[46,-57,-30,-8,11,-11,-5,-7,32,-13,20,9,31,10,-23,-39]
[93,25,-91,-24,-32,-2,-52,-15,10,-1,-17,35,52,-36,-13,-27]
[-30,60,31,-29,-36,-7,-73,-5,-59,25,-27,36,4,-52,41,12]
[-116,-32,127,2,32,-13,-81,13,14,-25,4,5,7,-3,-7,14]
[-27,-34,2,16,28,-4,-14,15,65,-40,38,-14,9,23,-53,-12]
[15,52,-48,-7,-12,-7,64,-1,-27,32,6,-17,-33,16,16,1]
[-4,26,8,-14,-10,-15,67,-8,-43,-18,-12,-22,-38,25,50,12]
[-33,16,42,-12,5,-14,74,7,-72,7,-1,-32,-54,31,68,4]
[-69,-40,88,-1,42,-15,71,25,-32,-15,18,-48,-51,52,18,-13]
[-34,-26,58,2,64,-16,49,39,8,-33,10,-53,-23,65,-2,-26]
[11,-4,14,-3,61,-14,33,51,-14,1,11,-43,-4,56,25,-37]
[60,-6,-33,-13,43,-3,4,52,2,-23,2,-30,30,37,-3,-40]
[39,26,-44,-20,13,-19,-4,24,-40,73,10,-12,29,8,-8,-38]
[23,-20,-37,-4,2,-52,-15,-25,-7,62,23,0,43,5,-59,-26]
[21,18,-48,1,-23,-93,-1,-70,-27,33,6,7,17,-1,-27,-14]
[-24,4,2,10,-16,-115,16,-90,-19,0,11,2,-8,14,-5,-17]
[-25,-14,13,17,-6,-123,29,-94,-12,-14,21,-2,-13,26,13,-34]
[-16,-6,12,18,-3,-123,32,-92,-17,-15,11,-7,-13,26,15,-39]
[46,-22,-25,23,0,-85,19,-57,-7,-64,9,0,-1,27,61,-31]
[102,-14,-123,-6,-49,38,66,-11,-1,3,31,19,-13,-12,28,-31]
[34,38,-30,-31,-59,49,28,-21,-29,19,-44,21,-16,-44,4,11]
[-31,-14,22,-12,-38,42,-15,-13,14,0,8,29,-9,-31,4,14]
[0,-10,-13,-15,-42,45,-3,-11,12,-3,4,29,-6,-30,1,18]
[-37,31,28,-23,-42,41,-2,-4,-19,-10,-22,20,-28,-34,16,28]
[-118,17,126,-19,-5,24,-13,16,-27,-11,-10,1,-42,-9,35,27]
[-3,-79,30,0,26,28,-26,29,36,-13,42,9,28,18,19,-16]
[127,-27,-116,-28,-29,40,-54,19,0,25,2,46,72,-44,-10,-30]
[4,32,8,-32,-19,29,-119,5,-20,74,-46,47,52,-75,-52,-7]
[-124,-44,101,8,28,4,-120,11,101,-59,28,21,14,-22,-105,-28]
[-89,-10,82,8,45,-13,-73,21,69,-11,37,13,6,11,-12,-53]
[9,-25,18,5,57,-8,-72,17,68,13,6,4,56,16,-39,-61]
[53,-17,-60,-6,10,-7,-69,18,49,-20,28,24,47,-16,-42,-74]
[86,18,-76,-21,-13,10,-95,6,46,-7,0,42,73,-37,-18,-66]
[66,43,-87,-32,-56,21,-71,-5,-12,31,7,50,38,-62,8,-47]
[-43,12,33,-34,-50,17,-54,-3,-31,1,10,42,-10,-53,24,-14]
[-110,-6,127,-22,6,1,-86,10,-10,-11,-6,23,5,-25,23,-3]
[-82,-41,87,5,41,-7,-68,19,34,8,30,-1,21,6,-36,-27]
[-52,-9,19,9,29,-12,20,16,38,-24,31,-29,-28,30,-57,-30]
[-37,6,23,16,50,-8,90,17,23,-16,20,-52,-60,68,9,-32]
[-26,-18,35,11,60,3,110,34,21,-39,15,-62,-62,75,10,-42]
[-12,-11,49,4,74,7,59,52,14,-4,1,-53,-21,62,9,-53]
[2,-14,37,4,80,4,2,64,13,11,3,-43,13,47,-12,-62]
[28,-21,-1,3,69,7,-28,74,38,-34,18,-31,30,35,-29,-73]
[52,21,-37,-3,54,24,-17,73,17,5,8,-29,26,26,-11,-71]
[31,-3,-43,-8,27,20,18,55,17,5,43,-25,4,17,-32,-96]
[27,17,-38,-10,6,4,44,20,-7,38,39,-24,-7,13,-17,-123]
[9,3,-18,-9,-13,-27,71,-10,-40,24,56,-21,-37,12,29,-128]
[-25,-18,31,-5,-3,-44,78,-22,-36,0,55,-27,-51,22,38,-128]
[-19,-28,31,2,6,-48,74,-19,-19,-28,61,-29,-47,30,46,-128]
[-7,-12,23,1,6,-44,78,-11,-34,-13,57,-31,-48,26,59,-128]
[40,-47,-11,9,7,-25,55,-6,-16,-2,54,-18,-13,24,56,-128]
[118,-55,-122,1,-22,50,53,14,43,-48,58,12,6,5,25,-84]
[70,66,-76,-42,-69,71,46,2,-55,63,-31,17,-22,-56,11,-39]
[-44,-27,39,-20,-37,48,-8,-6,13,12,23,26,-15,-33,-5,-22]
[-6,-13,-5,-21,-39,43,-5,-9,15,0,14,28,-8,-28,2,-9]
[-42,24,33,-24,-35,38,4,-4,-19,1,-13,17,-34,-28,18,11]
[-119,-17,126,-7,14,23,-6,14,2,-3,3,-3,-40,2,8,13]
[40,-106,-12,14,33,29,-46,18,91,-19,46,22,61,14,-25,-31]
[127,36,-128,-33,-70,54,-80,-1,29,-3,-33,65,96,-77,-36,-13]
[56,100,-57,-61,-115,41,-128,-10,-85,57,-45,102,57,-128,62,19]
[-108,-5,127,-38,-44,14,-128,-2,-59,33,-17,86,60,-107,37,12]
[-111,-45,126,-17,-16,0,-128,25,26,-96,30,58,54,-69,-20,-29]
[-16,18,23,-19,-20,13,-128,40,-15,-17,38,44,45,-46,64,-51]
[54,10,-43,-37,-49,36,-63,38,-53,-7,26,35,34,-50,60,-45]
[62,23,-67,-46,-70,59,-8,30,-70,4,18,26,1,-50,56,-34]
[16,3,-39,-47,-77,68,52,19,-68,9,36,17,-45,-37,53,-31]
[-32,2,31,-49,-60,66,64,18,-67,1,16,7,-63,-23,62,-17]
[-78,5,101,-45,-28,49,34,30,-69,-13,3,-3,-56,-11,75,-15]
[-79,-29,105,-30,5,31,7,43,-45,3,30,-10,-25,4,49,-40]
[-63,-26,87,-17,29,13,10,47,-48,32,27,-25,-21,16,19,-53]
[-41,-58,72,2,59,2,1,57,8,-41,37,-33,-10,37,0,-74]
[4,-18,34,5,69,14,-17,74,23,-34,16,-34,13,34,3,-81]
[28,4,6,1,57,29,-36,88,13,-17,14,-26,28,17,5,-78]
[37,17,2,-10,41,36,-54,95,-17,-3,10,-15,37,0,27,-71]
[41,10,0,-14,35,46,-63,99,-27,2,11,-12,42,-7,26,-68]
[29,-1,-4,-14,28,57,-42,103,-26,-7,25,-16,21,-7,15,-70]
[25,-7,-11,-9,30,67,-8,98,-5,-13,37,-24,6,1,5,-95]
[25,-3,-20,-2,24,69,38,86,-14,11,52,-30,-23,2,12,-128]
[10,-21,1,1,21,60,61,71,-4,5,61,-33,-42,5,15,-128]
[-11,-5,31,-2,25,49,56,65,-9,6,49,-34,-49,7,32,-128]
[-8,-20,37,5,36,47,49,71,-3,-7,56,-35,-43,14,44,-128]
[1,-19,26,4,36,52,51,78,-3,-13,55,-37,-43,12,37,-128]
[31,-40,-16,6,26,46,37,53,24,54,61,-22,-1,8,-8,-128]
[109,-41,-100,2,-6,78,54,52,45,-95,52,-8,-3,16,48,-92]
[93,55,-110,-40,-72,115,102,46,-79,88,11,1,-48,-45,45,-69]
[-15,-30,25,-34,-43,84,41,16,-19,45,18,12,-27,-33,-3,-41]
[-3,-24,0,-30,-41,60,3,4,4,16,20,26,-10,-31,-2,-31]
[-39,5,36,-29,-34,42,-14,2,-15,12,-2,26,-21,-35,14,-8]
[-85,-28,106,-14,5,20,-65,11,12,6,3,25,8,-24,-1,-1]
[91,-73,-65,1,-7,27,-123,5,86,-24,29,59,111,-36,-31,-32]
[127,75,-128,-30,-106,57,-83,-21,-16,44,-32,76,73,-107,-21,-1]
[30,39,-78,-32,-128,66,-39,-33,-27,-13,2,78,-12,-105,20,18]
[-97,74,96,-49,-107,64,-35,-14,-66,-55,-35,53,-55,-84,92,43]
[-128,14,127,-26,-39,60,-10,25,-92,5,11,14,-63,-31,127,14]
[-74,-85,83,-7,-8,75,66,53,-25,-48,61,-24,-64,12,34,-24]
[13,-16,-19,-14,-9,95,127,56,-15,-15,26,-41,-71,26,22,-30]
[14,3,-29,-19,-11,108,127,55,-22,6,19,-50,-97,35,27,-28]
[-10,-12,-7,-23,-4,110,127,50,-1,-3,22,-56,-109,47,8,-31]
[-14,-2,10,-23,3,107,127,54,-11,3,14,-55,-109,50,32,-35]
[-37,-10,56,-21,23,96,127,64,-17,-3,6,-55,-96,47,38,-44]
[-43,-32,67,-11,45,85,95,75,17,-5,20,-51,-57,44,0,-64]
[-25,-2,54,-14,40,65,46,83,-6,3,16,-39,-32,27,18,-73]
[4,1,49,-13,45,55,-11,94,-20,-13,8,-27,5,15,49,-77]
[25,-1,23,-9,38,61,-39,107,-32,-5,15,-21,23,-3,42,-76]
[27,-6,10,-4,35,74,-38,114,-24,2,20,-23,24,-8,15,-64]
[32,-2,-3,-3,32,84,-21,115,-15,-11,21,-25,13,-5,14,-59]
[30,5,-1,-7,30,96,-5,118,-19,-4,15,-27,3,-2,23,-55]
[22,-3,11,-9,33,104,-1,122,-17,0,16,-28,0,-1,20,-54]
[22,-5,10,-3,38,113,-1,125,-8,-4,14,-31,1,-1,12,-55]
[25,-2,0,4,33,118,4,126,-2,-5,19,-30,-3,-7,10,-57]
[23,8,3,6,29,120,8,121,-7,16,14,-29,-5,-13,11,-53]
[6,5,22,5,30,113,8,118,-17,18,14,-30,-12,-12,16,-47]
[8,-10,29,8,38,110,-3,121,-3,-7,15,-29,-4,-7,18,-48]
[14,5,22,6,38,114,-8,127,-7,0,8,-30,-1,-10,17,-44]
[23,-28,-24,8,28,90,-1,85,28,79,42,-19,30,-11,-58,-53]
[53,-35,-34,18,35,99,55,86,54,-115,30,-38,-25,33,35,-69]
[72,25,-103,-8,-28,127,127,96,-10,26,43,-41,-73,0,6,-77]
[48,0,-40,-26,-31,127,127,55,-31,82,22,-20,-51,-5,28,-60]
[38,-17,-28,-38,-46,98,63,26,-25,48,8,7,-22,-27,-1,-40]
[-31,27,25,-41,-53,64,11,13,-32,10,-12,17,-32,-40,12,-2]
[-30,-33,46,-20,-27,36,-40,7,-18,36,25,38,14,-31,47,-4]
[126,-46,-111,-17,-57,47,-75,-16,27,7,5,61,88,-63,-26,-9]
[112,59,-128,-32,-127,61,-38,-35,-40,26,-15,73,18,-110,-1,5]
[-46,43,2,-26,-110,74,21,-33,-19,-44,-5,40,-69,-73,23,18]
[-128,15,127,-5,-44,87,114,3,-43,-21,18,-15,-128,-4,91,10]
[-128,-90,127,12,34,93,127,47,29,-67,45,-53,-128,53,35,-23]
[-58,-43,94,11,66,101,104,75,52,-9,8,-61,-60,56,-10,-38]
[0,-13,11,8,56,98,89,87,41,3,12,-56,-44,45,-24,-47]
[2,-9,2,3,53,100,92,91,44,-6,13,-56,-49,46,-28,-47]
[-4,-4,9,0,59,99,90,89,45,9,9,-56,-46,50,-30,-48]
[4,-6,5,1,56,99,82,93,44,-11,9,-53,-44,47,-22,-48]
[6,11,18,-3,52,99,57,101,24,-15,-4,-46,-34,34,8,-42]
[1,9,30,-2,53,99,26,109,13,6,-1,-41,-13,22,4,-44]
[8,4,21,1,46,95,15,114,-2,2,10,-38,-9,14,7,-51]
[23,-1,13,5,45,99,10,119,-6,-9,10,-37,-4,11,23,-51]
[29,1,6,5,41,107,6,125,-7,-3,8,-36,1,2,14,-45]
[23,7,11,3,39,113,1,127,-12,9,6,-35,2,-2,9,-39]
[23,-3,10,4,41,115,3,127,-8,4,10,-35,2,1,9,-38]
[25,-4,6,3,41,121,5,127,-2,-3,8,-35,0,1,3,-35]
[30,-3,4,2,41,127,-3,127,3,1,6,-30,7,-2,3,-33]
[27,6,8,2,39,127,-17,127,0,10,-4,-27,14,-10,-2,-22]
[21,4,8,9,38,127,-23,127,8,7,-1,-27,15,-13,-11,-10]
[21,6,4,12,36,127,-11,127,7,5,3,-29,10,-13,-12,-10]
[13,7,16,9,35,127,-6,127,2,0,2,-31,4,-12,-5,-16]
[15,6,21,7,38,127,-12,127,1,-3,0,-31,8,-9,4,-17]
[18,1,17,7,39,127,-12,127,-6,6,4,-30,10,-11,6,-18]
[18,-24,-21,6,28,103,-7,91,33,73,30,-20,37,-15,-83,-36]
[12,-25,39,23,58,98,-7,107,33,-104,-4,-35,-7,15,41,-39]
[17,-15,-28,29,41,127,70,127,47,8,43,-55,-36,12,-52,-67]
[62,-4,-76,8,10,127,121,99,45,22,39,-45,-44,17,-33,-71]
[83,28,-89,-23,-29,127,116,58,-14,74,10,-18,-37,-6,11,-50]
[-16,20,10,-30,-31,90,82,27,-43,74,-10,-13,-55,-18,-3,-11]
[20,-90,-15,-2,-15,59,15,4,57,1,48,22,14,-9,-26,-33]
[127,21,-128,-22,-76,66,-17,-28,21,38,-20,53,53,-66,-28,-15]
[45,77,-95,-35,-126,69,5,-36,-35,-11,-21,55,-34,-94,15,9]
[-128,50,107,-20,-69,77,79,-11,-48,-27,-2,2,-128,-31,72,18]
[-128,-77,127,6,17,83,122,42,0,-66,54,-35,-128,41,87,-19]
[-73,-51,127,-2,60,95,68,81,30,-41,-2,-48,-50,42,23,-26]
[-5,-2,47,-3,52,96,5,108,10,5,-1,-34,0,15,9,-33]
[14,3,17,-7,41,93,-14,114,-4,3,5,-28,10,3,4,-34]
[11,6,17,-9,40,93,-17,117,-7,2,4,-27,9,3,3,-30]
[7,3,19,-9,40,91,-15,116,-8,2,9,-28,8,5,4,-31]
[16,3,14,-3,41,93,-12,116,-11,3,4,-30,9,6,8,-25]
[20,3,11,4,41,97,-7,118,-11,-5,0,-33,6,5,10,-17]
[15,3,16,10,45,104,-3,122,-6,-3,0,-37,5,4,2,-15]
[16,-1,17,14,48,108,-1,125,-4,1,3,-38,5,5,2,-22]
[27,-2,11,17,49,113,-4,127,2,-6,0,-38,9,3,0,-21]
[32,5,2,15,47,121,-5,127,2,-2,-1,-37,11,-1,-1,-20]
[26,5,7,12,45,126,-3,127,-1,5,2,-37,8,-3,-3,-26]
[25,-1,11,8,45,127,-8,127,4,1,4,-34,10,-3,-4,-29]
[34,0,4,7,43,127,-18,127,3,8,3,-28,19,-8,-1,-28]
[39,3,-4,5,35,127,-29,127,6,0,-2,-23,25,-16,-9,-22]
[28,14,2,2,28,127,-32,127,-4,14,-3,-20,21,-22,-4,-15]
[16,6,15,3,29,127,-31,127,-5,8,0,-21,18,-19,-4,-12]
[20,2,13,3,30,127,-25,127,-3,-8,4,-22,13,-16,4,-23]
[17,4,18,1,31,127,-20,127,-7,-3,5,-24,8,-16,8,-34]
[20,-15,19,4,39,127,-23,127,1,13,14,-22,15,-13,3,-41]
[34,-15,7,2,36,127,-43,127,15,-1,6,-15,30,-22,-15,-40]
[5,6,-12,-3,21,103,-43,90,33,79,16,-9,43,-32,-89,-41]
[13,7,56,11,40,99,-42,115,-12,-96,-26,-19,5,-10,86,-13]
[-13,-13,44,24,49,127,-20,127,7,15,20,-39,7,-16,-20,-34]
[30,-17,-27,23,40,127,40,127,33,23,36,-48,-7,5,-49,-50]
[68,7,-91,1,0,127,107,96,21,23,35,-42,-38,9,-32,-52]
[32,14,-34,-21,-14,105,104,58,-32,80,15,-21,-45,-2,15,-41]
[102,-65,-82,-15,-23,81,14,16,44,31,26,22,46,-23,-36,-56]
[127,47,-128,-35,-104,78,-9,-19,-15,46,-13,56,30,-88,-19,-32]
[-47,80,-2,-34,-106,75,35,-23,-50,-7,-22,29,-84,-73,28,15]
[-128,-25,127,1,-8,70,89,17,-21,-38,30,-19,-128,14,80,10]
[-117,-89,127,13,60,85,66,68,59,-94,22,-42,-67,54,30,-14]
[3,8,47,-3,53,101,16,103,9,2,-18,-35,-4,21,27,-18]
[16,1,16,-4,40,106,-12,118,0,1,-2,-28,10,1,-3,-19]
[13,11,13,-5,36,105,-13,121,-6,0,0,-29,7,-1,2,-18]
[7,4,20,-4,40,105,-5,122,-10,7,5,-31,2,4,7,-18]
[8,-5,20,-1,44,104,-1,120,-3,4,5,-34,4,7,-5,-19]
[13,1,15,5,45,102,-3,119,-1,4,2,-35,6,6,-5,-18]
[15,4,15,10,46,102,-5,120,0,-1,0,-36,7,4,-1,-16]
[17,3,17,14,49,105,-8,124,0,-1,0,-36,9,3,1,-16]
[22,2,14,15,48,109,-14,127,2,-4,0,-35,15,-1,-1,-18]
[29,7,9,14,46,115,-19,127,-2,1,-2,-33,18,-6,1,-18]
[34,3,3,13,43,122,-20,127,-3,-4,2,-31,18,-9,4,-21]
[35,1,4,10,41,127,-24,127,-2,0,3,-28,21,-13,1,-28]
[33,2,6,8,39,127,-32,127,1,5,2,-25,24,-18,-5,-31]
[34,8,0,6,30,127,-36,127,2,-5,3,-22,23,-22,-3,-29]
[30,21,0,3,23,127,-23,127,-13,9,1,-23,13,-23,11,-22]
[17,6,9,3,21,127,-2,127,-17,6,10,-28,-1,-18,11,-22]
[15,5,18,2,23,127,9,127,-19,0,7,-32,-7,-12,16,-25]
[30,-9,11,4,28,127,7,127,-17,-1,12,-29,0,-11,28,-35]
[37,-13,9,3,30,127,-11,127,-10,8,5,-23,13,-22,8,-37]
[40,-8,2,1,24,127,-47,127,10,0,3,-11,33,-35,-11,-36]
[42,29,-8,-5,7,127,-64,127,-9,9,-8,-3,35,-49,8,-20]
[-21,9,10,-7,2,108,-35,89,-13,108,24,-4,25,-45,-51,-21]
[18,8,44,11,33,106,-21,115,-12,-103,-23,-21,-8,-8,89,-7]
[-18,-5,60,19,48,127,-20,127,-2,11,9,-37,5,-18,-3,-22]
[4,-13,25,18,51,127,1,127,11,26,22,-44,6,-5,-28,-41]
[28,-12,-27,11,40,127,51,126,25,25,33,-49,-15,11,-47,-57]
[56,-3,-66,-10,6,119,80,95,25,8,37,-32,-25,10,-24,-64]
[127,-13,-128,-21,-36,115,58,44,14,71,34,14,34,-20,9,-77]
[127,53,-128,-48,-116,110,53,-1,-55,63,-16,38,-10,-86,-11,-35]
[-123,55,96,-29,-74,83,55,-3,-65,12,-19,8,-112,-54,34,11]
[-128,-80,127,15,32,64,33,41,29,-77,40,-18,-90,26,59,-10]
[-48,-35,113,14,63,84,-2,84,36,-41,-9,-33,-6,28,25,-15]
[19,5,12,3,38,101,-11,114,6,-20,-1,-28,7,3,8,-19]
[23,7,7,-1,37,111,-8,120,-7,13,1,-27,10,-1,8,-16]
[7,4,20,-2,39,110,-7,120,-7,5,-4,-32,4,-1,-9,-10]
[-1,-2,27,3,45,108,-6,123,6,-7,5,-34,2,7,-6,-14]
[13,5,16,2,46,107,-2,123,0,6,2,-34,7,7,0,-16]
[19,5,11,1,43,105,-5,122,-7,7,0,-33,9,3,-1,-16]
[18,3,13,3,43,104,-12,123,-6,2,1,-32,11,0,2,-16]
[21,3,13,6,44,107,-18,126,-4,-4,0,-31,15,-3,3,-17]
[25,7,9,6,42,112,-21,127,-5,-2,0,-30,17,-6,4,-18]
[29,2,6,7,41,118,-21,127,-6,2,4,-29,18,-9,5,-21]
[32,9,5,5,37,127,-21,127,-5,-13,-2,-30,14,-12,5,-19]
[35,12,0,6,31,127,-16,127,-10,-8,4,-28,12,-15,18,-24]
[39,8,-1,4,25,127,-11,127,-21,10,4,-26,12,-21,19,-25]
[29,5,6,4,25,127,-7,127,-20,12,2,-29,7,-22,7,-22]
[9,-2,19,9,31,127,5,127,-8,3,9,-35,-7,-14,-2,-23]
[3,-2,25,11,39,127,20,127,3,-4,10,-42,-15,-2,-1,-27]
[20,-9,16,14,45,127,26,127,2,4,13,-42,-12,2,10,-38]
[53,-20,-8,12,41,127,6,127,17,-8,10,-32,12,-9,-2,-47]
[60,21,-20,1,19,127,-25,127,3,0,-9,-19,23,-36,-2,-35]
[29,40,-4,-3,4,127,-27,127,-18,15,-5,-17,10,-42,13,-16]
[9,10,7,2,4,127,14,127,-32,29,16,-25,-16,-27,25,-4]
[-25,-32,17,-4,8,119,38,85,-1,89,33,-23,-5,-17,-61,-13]
[18,4,40,12,35,107,-15,115,-5,-107,-21,-23,-11,-4,84,-6]
[-10,-4,53,17,47,127,-16,127,0,5,5,-37,4,-16,2,-18]
[5,-3,34,12,49,127,-14,127,2,15,10,-38,10,-12,-11,-32]
[14,-4,13,2,46,127,-2,127,3,26,19,-38,6,-4,-19,-47]
[35,-8,-32,-3,35,127,36,124,23,20,30,-42,-6,9,-40,-58]
[127,-13,-128,-9,-24,127,98,82,49,-4,55,-20,-6,4,-29,-75]
[127,65,-128,-36,-94,127,127,32,-73,101,5,4,-57,-44,48,-45]
[-119,51,124,-37,-59,105,102,24,-93,16,-43,-19,-125,-40,37,16]
[-128,-82,127,22,44,76,14,62,27,-62,38,-23,-53,25,66,-19]
[-7,-14,62,12,40,92,0,97,-7,-16,-6,-30,-1,5,35,-17]
[16,-8,20,8,38,105,-9,115,-6,-4,3,-30,7,-2,5,-18]
[25,-10,4,5,37,113,-10,120,8,-7,8,-27,12,-2,-8,-22]
[15,15,17,-1,36,112,-17,120,-9,14,-8,-26,11,-8,-1,-16]
[-1,-6,35,6,47,107,-28,122,5,3,2,-28,14,-2,-9,-19]
[7,1,20,6,46,106,-22,123,11,-6,3,-31,13,1,-15,-19]
[15,10,10,2,43,107,-9,124,1,3,3,-33,7,4,-1,-17]
[20,8,9,-1,41,108,-2,125,-7,0,0,-34,6,5,6,-13]
[27,4,6,-1,40,113,-4,127,-10,1,0,-32,9,2,9,-14]
[28,3,6,-1,39,119,-9,127,-8,0,-1,-31,11,-3,3,-15]
[29,5,4,-1,36,125,-14,127,-3,-7,0,-29,12,-7,2,-16]
[27,11,8,4,37,127,-11,127,-13,3,-2,-31,7,-8,14,-15]
[22,-5,10,12,41,127,-2,127,3,-10,4,-36,3,-6,-2,-19]
[29,4,-1,13,37,127,10,127,8,-3,4,-38,-1,-7,-5,-19]
[24,15,6,9,33,127,17,127,-7,9,-2,-38,-8,-9,7,-14]
[11,2,26,9,39,127,12,127,-9,11,1,-38,-6,-7,8,-15]
[13,-10,30,13,48,127,0,127,1,6,3,-38,3,-6,-1,-22]
[44,-18,4,15,47,127,-23,127,19,-14,8,-27,23,-14,-5,-37]
[67,27,-26,4,24,127,-37,127,7,-14,-12,-21,29,-34,-1,-32]
[34,42,-14,2,8,127,-8,127,-27,18,2,-25,-3,-36,24,-20]
[-24,10,36,7,20,127,50,127,-27,27,12,-49,-44,-10,4,-2]
[-8,-44,29,16,43,127,74,127,12,17,32,-51,-35,18,-7,-8]
[17,-17,-17,-3,26,117,54,83,29,84,10,-34,8,0,-85,-18]
[17,7,42,7,35,104,-30,112,1,-108,-29,-20,-3,-9,68,-3]
[-13,2,51,17,47,127,-28,127,8,-2,5,-33,7,-16,2,-10]
[13,0,27,11,47,127,-16,127,-1,12,7,-35,11,-12,0,-17]
[17,3,17,-2,43,127,-12,127,-2,11,6,-35,10,-10,-13,-26]
[12,-1,9,-4,45,127,4,127,3,32,17,-38,3,0,-21,-40]
[62,-16,-83,8,27,127,78,112,51,8,37,-51,-19,21,-65,-54]
[104,22,-128,-2,-38,127,127,76,14,-1,44,-41,-81,11,-4,-53]
[-53,79,65,-21,-22,126,127,60,-103,83,-38,-49,-128,-1,80,2]
[-98,-80,127,24,56,100,58,81,28,-56,12,-51,-48,34,19,-13]
[8,6,31,18,39,105,35,109,-8,-12,-2,-44,-18,12,31,-17]
[24,0,14,9,35,114,26,120,-18,2,2,-40,-6,5,23,-16]
[38,-2,-2,4,32,120,12,122,-13,4,0,-34,7,-1,8,-17]
[29,8,3,0,25,118,0,122,-23,10,-2,-27,5,-11,11,-17]
[13,0,27,2,33,114,-22,122,-14,7,-2,-24,14,-13,7,-17]
[3,2,31,4,39,109,-30,123,-10,11,0,-26,15,-11,-3,-16]
[5,-12,24,6,46,106,-23,124,6,3,11,-28,14,0,-11,-20]
[20,-5,10,3,48,108,-19,123,11,1,3,-29,16,3,-14,-20]
[27,3,2,2,45,113,-22,126,15,-8,-2,-27,17,0,-13,-19]
[27,13,2,0,40,119,-22,127,6,-3,-4,-26,15,-5,-2,-18]
[22,9,7,1,39,127,-16,127,1,2,-1,-28,11,-5,0,-16]
[20,5,12,4,38,127,-12,127,-1,-9,-1,-30,6,-7,4,-12]
[17,11,19,8,41,127,-12,127,-3,-1,-7,-33,7,-8,6,-6]
[17,6,14,14,42,127,-2,127,-2,4,0,-38,3,-6,-2,-5]
[21,-2,9,16,43,127,11,127,0,7,4,-40,-1,-3,-3,-7]
[32,-9,8,14,45,127,-1,127,7,9,-1,-34,12,-7,-8,-11]
[47,-2,2,11,41,127,-39,127,9,4,-9,-20,34,-23,-7,-16]
[62,15,-16,7,27,127,-69,127,11,-14,-13,-9,47,-41,-4,-17]
[36,30,-8,10,20,127,-45,127,-13,15,-6,-17,18,-43,7,-13]
[-18,-9,37,19,35,127,1,127,10,0,15,-37,-17,-19,-20,-14]
[-57,-2,79,19,60,127,29,127,22,14,6,-57,-34,8,-33,-10]
[7,-30,25,20,66,127,25,127,51,-3,23,-49,2,25,-26,-26]
[56,11,-61,-5,24,107,30,90,13,106,12,-27,29,-6,-67,-31]
[21,20,37,-1,25,102,-26,108,-26,-80,-31,-15,-5,-13,90,3]
[-25,-11,63,12,44,127,-26,127,1,-1,4,-33,4,-16,-7,2]
[13,-9,24,12,47,127,-17,127,8,-1,8,-34,12,-8,-3,-5]
[24,12,11,-3,42,127,-10,127,-6,13,-6,-35,10,-9,-8,-8]
[8,0,19,-3,43,127,-11,127,2,12,8,-33,8,-5,-15,-22]
[10,-3,4,7,50,127,17,127,12,39,13,-44,-2,7,-36,-35]
[35,-23,-54,24,38,127,90,109,53,-5,37,-58,-37,27,-63,-49]
[-10,27,8,11,24,120,121,98,-3,8,8,-55,-81,21,11,-33]
[-32,2,91,21,68,109,48,102,15,8,-23,-57,-25,29,16,-16]
[2,-8,31,27,57,106,29,121,9,-10,8,-52,-14,18,2,-22]
[27,-5,4,21,54,116,34,127,13,-6,6,-51,-7,18,-5,-21]
[39,18,-13,12,42,124,35,127,1,3,-6,-48,-7,11,-2,-15]
[32,16,-8,9,32,126,38,126,-13,4,0,-44,-13,6,13,-12]
[27,11,5,6,30,126,33,124,-22,9,-3,-40,-10,2,19,-9]
[15,4,21,2,31,119,16,122,-27,19,-2,-36,-4,-3,13,-8]
[17,-9,21,1,36,112,-8,121,-11,8,1,-29,12,-3,1,-10]
[31,4,4,-4,31,109,-26,121,-12,3,-4,-21,22,-10,4,-10]
[33,5,2,-2,29,112,-35,122,-14,6,-4,-17,25,-15,7,-11]
[29,-6,5,2,32,118,-38,124,-4,1,1,-16,25,-17,-2,-15]
[19,0,14,2,34,123,-42,127,6,-3,-4,-18,23,-18,-14,-13]
[6,12,23,6,37,127,-38,127,8,-7,-6,-23,15,-15,-7,-6]
[3,8,26,12,42,127,-21,127,3,0,0,-30,7,-7,2,-2]
[8,-1,25,15,48,127,-8,127,4,5,-1,-37,7,-3,-7,0]
[29,-9,7,16,48,127,-13,127,12,4,1,-32,19,-4,-11,-7]
[61,0,-21,11,35,127,-35,127,11,6,-6,-18,40,-21,-11,-10]
[80,11,-38,4,16,127,-66,127,0,10,-12,1,55,-45,-1,-9]
[53,27,-19,1,5,127,-76,127,-10,5,-20,3,42,-59,-2,3]
[-6,17,31,7,11,127,-57,127,-5,-16,-4,-8,8,-49,4,6]
[-41,15,75,10,33,127,-34,127,-5,-6,-2,-27,-5,-26,10,6]
[-48,-9,90,13,56,127,-22,127,-13,26,11,-37,-2,-7,7,-10]
[6,-22,31,12,61,127,-14,127,26,-7,10,-46,18,8,-37,-22]
[56,-15,-72,3,26,101,23,97,21,94,46,-24,29,-1,-59,-46]
[20,3,29,2,27,102,-6,104,-8,-89,-17,-19,-14,-3,78,-4]
[-24,1,63,7,44,127,-18,127,-1,18,-8,-34,3,-12,-9,5]
[7,-9,28,9,48,127,-22,127,15,-6,3,-33,15,-4,-11,3]
[25,16,6,-2,40,127,-10,127,-7,6,-7,-33,8,-6,1,3]
[15,4,17,1,43,127,-10,127,-2,6,-2,-34,10,-5,-7,-9]
[6,8,23,4,40,127,-9,127,-7,17,2,-34,7,-8,-10,-19]
[5,-1,21,13,48,121,3,127,0,25,9,-41,3,3,-16,-27]
[7,-6,13,16,42,110,21,122,4,-8,15,-42,-12,6,-10,-30]
[-1,16,40,16,53,106,12,123,-9,9,-8,-46,-7,9,13,-18]
[0,-5,40,20,60,104,1,127,-1,-4,3,-47,2,12,4,-17]
[28,-4,8,19,59,110,4,127,5,0,5,-46,11,12,-5,-18]
[29,11,-2,16,53,115,17,127,-3,8,-3,-50,0,11,-11,-15]
[21,-5,3,21,57,118,30,127,12,1,7,-52,-7,18,-15,-18]
[22,11,0,18,52,123,41,127,12,-5,-3,-55,-14,18,-15,-13]
[16,17,5,13,46,121,47,127,1,5,-1,-53,-18,19,1,-10]
[31,9,-2,7,40,119,44,122,-12,16,-1,-47,-9,17,11,-6]
[45,5,-15,2,30,117,34,117,-20,11,-5,-39,-3,7,10,-4]
[46,1,-13,2,24,120,14,116,-17,3,-6,-29,5,-5,10,-6]
[47,5,-10,1,18,124,-12,117,-14,0,-8,-18,18,-19,12,-8]
[26,18,9,-2,14,126,-31,120,-23,9,-13,-15,17,-29,11,-3]
[-9,6,40,4,26,124,-31,124,-19,6,-3,-21,7,-21,8,1]
[-8,-14,41,12,41,122,-23,127,1,-4,6,-28,9,-7,-3,-2]
[8,4,26,10,43,122,-21,127,2,-2,-6,-32,13,-6,-8,2]
[42,-4,-6,12,39,124,-26,127,6,3,3,-23,29,-9,2,-7]
[79,9,-47,3,16,127,-31,125,-4,8,-7,-12,39,-29,-4,-6]
[84,18,-60,-4,-9,127,-37,118,-12,6,-8,2,36,-47,6,0]
[37,35,-14,-9,-17,127,-34,118,-36,11,-19,2,10,-56,23,19]
[-33,14,62,-1,6,127,-26,127,-25,-12,-12,-15,-13,-38,21,25]
[-59,-8,93,13,40,127,-7,127,-10,-6,4,-36,-22,-10,15,14]
[-25,-26,69,16,56,127,-8,127,10,-9,12,-40,1,1,-2,-7]
[1,14,40,9,60,127,-10,127,-6,32,-11,-47,11,1,-17,-9]
[42,-54,-53,13,40,100,8,99,54,62,58,-26,41,5,-88,-49]
[14,-9,19,12,31,64,-51,63,25,-52,-43,0,22,-8,15,84]
[-11,16,29,18,41,93,-76,89,25,29,-47,0,38,-22,-39,107]
[1,0,19,20,49,84,-90,89,42,10,-40,0,52,-14,-51,99]
[15,12,-3,18,45,83,-87,91,41,3,-41,1,49,-15,-48,96]
[13,17,0,22,48,85,-88,91,42,9,-44,0,51,-17,-47,95]
[6,16,6,27,48,80,-87,88,39,19,-40,-1,49,-20,-51,88]
[-1,9,16,28,52,70,-90,84,41,18,-35,-2,49,-19,-53,79]
[5,8,11,30,55,62,-94,81,45,13,-33,-2,54,-15,-50,71]
[1,10,17,30,58,57,-98,83,41,11,-34,-2,52,-16,-47,70]
[0,3,24,32,67,55,-111,85,53,8,-36,-2,63,-12,-55,71]
[17,8,1,32,65,56,-115,87,58,4,-34,0,70,-14,-60,69]
[16,19,-1,29,60,57,-110,87,45,14,-37,0,63,-17,-53,71]
[13,8,5,31,63,58,-111,87,55,5,-35,0,66,-14,-58,71]
[10,14,5,32,65,58,-105,86,48,20,-37,-3,60,-13,-57,71]
[1,-5,9,38,73,57,-94,84,69,10,-28,-9,55,-4,-79,65]
[17,2,-12,38,70,59,-82,80,82,2,-28,-10,54,1,-83,59]
[34,23,-31,31,56,62,-70,75,69,4,-35,-7,48,-3,-62,61]
[39,29,-35,26,41,70,-62,73,51,3,-38,-3,43,-11,-42,69]
[40,30,-35,23,26,80,-53,72,33,6,-39,0,36,-19,-27,79]
[17,27,-11,19,21,84,-45,72,14,19,-40,-1,23,-23,-20,89]
[-11,6,27,20,33,80,-56,74,20,14,-38,-2,25,-19,-28,91]
[-4,1,26,23,43,74,-78,77,36,5,-38,0,43,-16,-38,87]
[5,13,12,23,44,70,-86,80,29,16,-39,0,48,-19,-38,85]
[29,5,-19,24,38,74,-84,79,48,-9,-32,2,55,-18,-48,80]
[56,36,-58,16,14,87,-58,75,26,8,-38,5,42,-26,-28,85]
[51,33,-60,11,-3,101,-21,68,12,11,-35,2,18,-27,-18,94]
[17,28,-21,8,-6,108,1,66,-6,15,-40,-1,-8,-24,-3,108]
[-31,5,49,14,23,104,-16,73,2,19,-48,-7,-5,-15,-9,117]
[-45,-18,74,25,55,93,-62,86,39,1,-44,-8,24,-9,-41,112]
[-4,-3,31,31,64,87,-99,95,62,1,-45,-3,59,-13,-59,99]
[0,24,16,24,57,76,-107,97,34,30,-46,1,57,-22,-51,93]
[28,-7,-42,20,43,58,-88,65,91,15,-6,1,76,-14,-120,44]


