output_mat:
[-43,-10,16,23,1,-61,7,-61,16,56,-5,-5,10,18,-65,72]
[-2,4,-16,30,-3,-93,11,-88,11,-2,-31,-1,17,26,-33,95]
[6,9,-22,26,-7,-95,8,-91,5,0,-38,2,20,22,-29,101]
[-8,11,-10,24,-5,-97,3,-91,3,-1,-40,2,17,21,-32,105]
[-16,2,-4,30,1,-99,3,-91,13,-5,-33,0,16,26,-36,103]
[-3,3,-16,33,0,-99,4,-92,18,-8,-35,0,21,26,-38,102]
[-2,14,-17,32,-3,-99,4,-94,9,-1,-42,0,19,22,-34,105]
[-8,4,-11,34,0,-100,3,-93,13,-5,-36,1,19,25,-35,104]
[-8,9,-12,35,-1,-100,5,-94,14,-8,-40,-2,17,25,-39,105]
[-5,9,-14,38,-1,-100,9,-94,12,-6,-36,-2,17,26,-31,103]
[3,8,-18,32,-2,-97,11,-90,8,-8,-37,-1,16,26,-27,101]
[-1,6,-16,24,-2,-95,9,-88,9,-6,-36,0,17,25,-32,98]
[-9,6,-14,26,-2,-98,3,-93,13,6,-35,2,21,24,-42,103]
[-7,10,-16,32,-5,-104,-1,-100,11,4,-40,4,23,21,-41,113]
[-5,12,-16,35,-7,-110,-1,-106,9,-2,-43,4,23,21,-36,120]
[-9,11,-13,37,-7,-112,0,-107,7,0,-44,4,21,22,-35,125]
[-9,9,-10,40,-4,-112,4,-106,8,-10,-45,1,18,25,-34,124]
[-5,6,-12,40,-1,-108,9,-101,11,-18,-41,-2,16,28,-31,112]
[2,6,-16,37,-1,-100,12,-94,11,-18,-38,-3,16,28,-29,98]
[0,9,-13,33,-1,-93,14,-87,8,-14,-36,-5,13,27,-27,88]
[-6,6,-7,32,2,-87,17,-79,9,-16,-30,-8,8,29,-25,80]
[-6,3,-8,30,5,-83,22,-75,11,-11,-26,-10,7,30,-27,75]
[-7,6,-9,28,5,-82,25,-74,9,-1,-27,-11,6,30,-30,78]
[-5,2,-12,29,6,-84,24,-76,11,0,-27,-9,9,31,-31,82]
[-8,7,-9,30,7,-86,22,-78,11,1,-33,-10,8,30,-36,88]
[-10,1,-7,31,11,-87,20,-77,20,-8,-30,-10,8,35,-37,89]
[-9,8,-11,28,12,-87,23,-76,21,-7,-34,-12,6,37,-39,91]
[-10,7,-11,28,13,-88,27,-78,21,1,-32,-12,6,39,-41,93]
[-10,9,-10,31,13,-89,30,-79,18,-4,-37,-15,3,41,-39,96]
[-11,7,-7,35,17,-87,35,-75,19,-16,-35,-19,-2,44,-33,91]
[-10,3,-4,38,24,-80,44,-67,22,-17,-32,-24,-7,48,-32,80]
[57,-12,-52,31,17,-50,33,-39,36,-71,-19,-11,9,41,4,44]
[-64,-13,31,20,4,-89,9,-75,6,69,20,-2,-1,17,-55,4]
[-13,-8,-8,26,-2,-128,17,-110,5,4,2,3,-1,28,-11,8]
[2,-1,-23,18,-8,-128,20,-114,0,0,-4,6,-1,26,-4,14]
[-13,9,-9,6,-10,-128,17,-114,-9,-1,-10,8,-6,26,0,21]
[-21,-5,1,11,-3,-128,8,-114,-3,-3,-2,9,0,28,1,17]
[-8,-3,-11,18,-6,-128,6,-116,-1,-4,-5,9,6,23,-6,15]
[-10,2,-11,20,-9,-128,6,-117,-6,-1,-5,10,3,20,-2,15]
[-14,-2,-4,20,-7,-128,4,-117,-1,-7,-5,9,4,22,-3,16]
[-16,1,-2,22,-5,-128,5,-117,-6,0,-5,8,2,22,0,14]
[-14,-7,-4,27,-2,-128,7,-115,3,-13,0,6,2,24,-5,8]
[-2,-1,-13,19,-4,-128,11,-108,2,-15,-1,6,0,25,3,4]
[-6,2,-12,5,-6,-128,12,-105,-2,-3,-1,8,-1,26,1,4]
[-19,0,-8,7,-8,-128,11,-113,-3,11,1,9,1,24,-11,8]
[-19,0,-8,18,-10,-128,12,-124,-5,10,-1,9,0,23,-9,15]
[-17,-3,-6,24,-10,-128,16,-128,-4,1,-3,8,-2,25,-6,18]
[-18,-5,-6,26,-7,-128,16,-128,-1,-3,-3,7,-1,27,-6,18]
[-14,-1,-3,28,-5,-128,13,-128,-2,-16,-7,6,-1,26,2,13]
[-9,-1,-3,27,-3,-128,12,-117,-1,-30,-2,4,-3,26,12,-2]
[-7,7,-5,22,-4,-128,20,-101,-7,-35,1,-1,-11,26,20,-16]
[-9,4,0,17,-4,-122,36,-85,-18,-24,12,-7,-21,29,35,-31]
[-13,-1,8,10,-1,-108,48,-72,-23,-20,13,-14,-27,32,32,-36]
[-13,-7,6,6,3,-101,54,-65,-21,-8,20,-17,-26,36,26,-38]
[-10,-10,0,3,4,-101,56,-66,-21,7,19,-16,-22,36,15,-34]
[-6,-7,-5,2,2,-107,48,-73,-15,2,13,-13,-16,34,6,-25]
[-7,-3,-5,2,1,-115,37,-78,-20,11,11,-7,-10,31,12,-17]
[-9,-9,0,4,3,-122,20,-84,-13,5,4,-3,0,29,1,-8]
[-18,-2,3,7,4,-128,9,-88,-8,3,-1,-1,1,28,-7,3]
[-20,-6,2,14,7,-128,8,-93,0,0,2,0,3,32,-10,6]
[-15,0,0,18,8,-128,10,-96,-5,-2,-5,-2,1,33,-4,10]
[-14,-1,6,23,13,-128,6,-91,-3,-17,-8,-4,2,33,4,11]
[-12,1,8,26,16,-128,3,-80,-2,-21,-8,-7,4,32,7,10]
[75,-18,-57,28,13,-82,-1,-47,13,-66,-2,1,22,31,40,0]
[-67,-14,34,26,6,-93,5,-78,8,72,17,-2,3,15,-59,16]
[-15,-4,-5,34,1,-128,10,-114,4,6,-4,2,6,24,-16,20]
[2,-4,-23,25,-5,-128,15,-119,4,4,-4,6,6,26,-12,22]
[-9,5,-14,8,-7,-128,15,-120,-3,-2,-12,8,-2,29,-9,29]
[-16,-4,-7,11,-2,-128,6,-119,8,-13,-6,10,4,31,-7,21]
[-6,4,-16,18,-6,-128,5,-120,0,-2,-8,10,6,23,-4,15]
[-10,0,-10,21,-9,-128,5,-120,-2,-5,-4,11,4,19,-4,13]
[-15,1,-4,21,-7,-128,5,-120,-2,-4,-5,9,2,21,-3,14]
[-16,-2,-3,22,-7,-128,5,-119,-2,-7,-2,10,2,21,0,14]
[-7,-3,-6,23,-4,-128,-1,-116,-3,-7,-5,11,8,20,5,11]
[11,-18,-18,18,-2,-128,-11,-108,4,-7,2,17,18,17,1,-1]
[-7,0,-11,3,-6,-128,-20,-105,13,-12,-9,17,15,12,-28,-1]
[-39,10,4,9,-5,-128,-13,-109,14,1,5,13,3,19,-21,-2]
[-28,-3,-1,21,-4,-128,11,-118,3,7,12,8,-3,27,-2,-4]
[-13,-5,-6,19,-7,-128,20,-125,-3,-3,3,6,-3,26,-3,-5]
[-12,-2,-6,16,-8,-128,15,-123,-3,-12,5,7,-2,25,4,-12]
[-8,2,-5,14,-8,-128,13,-113,-12,-21,6,7,-5,23,23,-19]
[-18,13,8,11,-7,-128,21,-94,-17,-44,1,-3,-19,24,31,-21]
[-18,-8,13,18,8,-113,42,-70,-21,-25,23,-12,-28,35,51,-38]
[-7,-22,10,16,17,-88,54,-51,-7,-32,19,-22,-28,37,20,-48]
[-9,-12,13,12,26,-72,49,-34,2,-19,19,-24,-27,38,14,-60]
[-19,-10,16,5,30,-65,48,-25,13,-16,22,-28,-27,43,-4,-67]
[-18,0,6,0,26,-66,58,-25,8,-3,27,-30,-30,47,0,-66]
[-7,-1,-5,-4,21,-73,71,-34,-8,16,27,-29,-30,50,10,-60]
[-5,0,-9,-10,11,-81,74,-44,-11,-2,19,-28,-32,48,3,-48]
[0,-3,-12,-6,7,-92,66,-58,-22,22,21,-18,-22,45,21,-41]
[-6,-7,-3,-1,3,-107,47,-73,-26,26,7,-12,-12,34,1,-22]
[-14,-13,4,12,7,-123,21,-86,-8,9,6,-6,0,31,-11,-12]
[-13,-2,1,18,6,-128,9,-92,-6,1,0,-2,3,28,-4,-4]
[-12,0,6,24,10,-128,1,-90,-7,-9,-4,-1,5,27,6,5]
[-13,0,9,27,14,-128,-3,-83,-5,-15,-7,-4,7,27,5,10]
[70,-19,-54,30,12,-85,-5,-49,16,-72,-2,2,22,29,37,3]
[-64,-18,33,24,6,-96,3,-78,10,68,22,-1,6,16,-58,9]
[-11,-3,-6,30,-1,-128,6,-114,0,2,-1,4,9,20,-11,4]
[-4,-6,-17,21,-7,-128,7,-119,4,2,4,8,9,23,-14,2]
[-10,5,-13,6,-11,-128,8,-122,-7,2,-4,11,2,26,-2,13]
[-14,0,-8,8,-7,-128,4,-123,-1,-13,-6,11,4,29,0,16]
[-6,0,-17,17,-10,-128,8,-122,-6,-7,-2,12,3,23,4,13]
[-9,2,-11,19,-12,-128,9,-122,-7,-5,-6,10,1,19,-1,14]
[-18,0,-2,20,-10,-128,9,-122,-6,-2,-3,9,-1,21,1,15]
[-15,-5,-5,21,-8,-128,9,-121,-3,-7,-2,9,1,24,0,15]
[3,-5,-17,22,-10,-128,4,-118,-3,-11,-4,13,8,20,8,12]
[65,-39,-58,16,-15,-128,-31,-111,8,-8,10,40,48,3,18,-16]
[10,40,-17,-15,-36,-125,-69,-108,-16,-7,-44,39,35,-32,-29,-2]
[-89,4,54,8,-10,-128,-62,-100,9,-6,23,27,3,0,-6,-17]
[-48,-22,22,20,0,-128,-6,-102,14,-19,33,11,-5,25,4,-28]
[-5,1,-9,8,-8,-128,22,-101,-9,-12,12,4,-9,24,16,-33]
[-18,11,1,-3,-11,-128,33,-92,-19,-25,10,-3,-24,27,23,-37]
[-27,12,9,-7,-9,-117,58,-76,-29,-36,20,-13,-44,39,51,-37]
[-25,-10,23,-2,11,-98,83,-56,-45,-7,24,-25,-52,51,68,-39]
[5,-53,11,3,27,-76,60,-36,0,-42,25,-22,-22,48,22,-51]
[24,0,-6,-3,24,-55,14,-17,-1,-18,-2,-13,1,23,14,-50]
[8,-1,7,-3,24,-42,-20,2,1,-21,10,-4,10,12,18,-56]
[-15,0,26,-5,30,-34,-27,11,-1,-1,13,-8,8,11,4,-60]
[-30,-20,31,1,41,-37,-15,12,17,7,30,-16,2,24,-20,-68]
[-23,-9,14,-1,39,-44,9,5,27,-10,27,-24,-8,36,-28,-68]
[-14,-3,4,0,42,-52,36,-5,12,22,29,-28,-17,48,-7,-69]
[-6,-14,-10,0,32,-62,53,-22,25,-3,26,-31,-19,50,-33,-64]
[2,11,-21,4,17,-78,55,-43,0,30,19,-22,-17,42,-3,-51]
[2,1,-11,8,8,-100,43,-66,-15,30,10,-14,-7,32,0,-33]
[-5,-4,-4,14,4,-118,23,-81,-15,17,5,-6,-1,25,-3,-16]
[-14,0,5,19,5,-128,9,-86,-10,-2,-1,-4,1,24,1,0]
[-15,0,9,24,10,-128,3,-83,-11,-6,-3,-4,3,26,10,10]
[68,-18,-50,28,9,-86,-2,-52,7,-69,-5,2,20,28,42,7]
[-56,-12,29,15,3,-88,7,-67,7,45,26,-2,-1,16,-45,-14]
[-7,6,-6,13,-7,-128,21,-94,-16,-13,11,0,-8,21,20,-32]
[-9,-11,-7,9,-9,-128,30,-98,-17,14,23,1,-7,24,8,-39]
[-13,-12,-7,4,-12,-128,28,-111,-15,14,13,4,-8,26,-4,-22]
[-18,-7,-3,10,-7,-128,18,-121,-6,5,1,7,-3,30,-3,-1]
[-9,-6,-14,19,-8,-128,14,-124,2,-9,-1,9,0,27,-3,11]
[-10,5,-13,20,-10,-128,16,-125,-6,1,-8,8,-2,23,0,18]
[-20,-2,-1,20,-8,-128,15,-124,-2,-5,-4,7,-4,25,-4,18]
[-14,-4,-6,22,-5,-128,13,-124,0,-6,-3,8,0,27,-1,15]
[4,1,-24,23,-12,-128,13,-122,0,-17,-7,10,3,23,3,16]
[91,6,-107,11,-50,-119,8,-114,7,-65,-2,31,24,4,37,10]
[26,92,-46,-27,-79,-100,28,-105,-118,44,-41,30,-28,-29,92,32]
[-104,-41,97,-5,-23,-108,15,-91,-46,-16,19,10,-38,8,27,8]
[-62,-30,53,9,1,-110,28,-79,-6,-40,23,-7,-29,32,15,-22]
[-19,10,4,0,-6,-100,68,-64,-28,-34,20,-19,-47,41,46,-37]
[-24,-7,18,-7,9,-86,101,-49,-44,-3,27,-31,-61,56,57,-48]
[-37,-37,37,-4,35,-74,106,-36,-12,-16,23,-45,-61,71,12,-51]
[-4,-42,12,0,46,-64,74,-18,26,-41,26,-34,-32,70,7,-58]
[60,2,-38,-11,31,-43,19,-7,15,-15,-6,-13,16,38,17,-48]
[52,26,-41,-20,4,-26,-19,5,-21,0,-11,4,20,2,23,-30]
[17,5,-5,-14,5,-12,-41,15,-14,-13,0,9,20,-6,21,-19]
[-8,6,20,-13,9,-6,-48,23,-17,-2,0,8,18,-10,15,-15]
[-29,3,41,-12,17,-10,-54,27,-12,-1,4,2,19,-5,2,-16]
[-28,-10,38,-5,31,-21,-43,25,-13,22,17,-4,18,8,4,-29]
[-17,-20,22,-5,32,-30,-32,20,10,-15,19,-9,16,16,-23,-39]
[-24,22,17,-3,32,-40,-8,9,-3,13,9,-21,0,24,-12,-41]
[-20,-12,0,11,29,-54,39,-7,3,9,41,-29,-18,41,-9,-55]
[13,-10,-26,10,18,-70,66,-35,-10,34,28,-27,-14,40,-5,-50]
[14,-5,-22,8,8,-92,46,-61,-15,37,9,-14,-3,28,-11,-30]
[-12,2,2,12,7,-114,17,-78,-10,19,-3,-7,0,23,-14,-6]
[-22,-6,10,21,13,-126,4,-82,2,-5,3,-4,2,29,-5,4]
[65,-12,-50,25,9,-87,0,-53,11,-68,-6,3,17,29,42,4]
[-49,-11,31,10,8,-68,21,-45,-2,29,30,-8,-15,22,-16,-30]
[-32,23,16,-1,0,-94,59,-57,-20,-47,8,-25,-48,35,25,-44]
[-23,-20,3,10,8,-89,94,-56,-19,14,55,-25,-46,54,45,-66]
[15,-26,-24,6,-5,-102,91,-85,-32,54,21,-18,-22,37,2,-48]
[-3,-13,-10,11,-10,-128,39,-111,-15,33,-2,-2,-4,23,-24,-14]
[-12,-4,-8,21,-7,-128,11,-123,1,4,-2,7,3,24,-11,8]
[-11,-1,-12,22,-9,-128,12,-126,-1,-4,-2,10,0,24,-2,14]
[-17,-1,-3,21,-6,-128,10,-127,-1,-2,-6,9,1,25,-5,15]
[-16,-4,-6,24,-5,-128,6,-127,4,-9,-4,9,3,26,-7,14]
[-4,0,-17,30,-7,-128,13,-126,1,-5,-5,7,2,25,-1,16]
[41,-7,-74,39,-12,-120,58,-120,28,-35,-3,-6,-13,36,-14,19]
[0,21,-46,14,-30,-95,118,-101,-8,-41,-2,-13,-77,35,19,21]
[-55,-6,58,8,13,-83,82,-82,3,-13,-11,-16,-50,48,27,4]
[-48,-11,55,11,29,-84,42,-57,6,-18,-5,-21,-30,43,6,-22]
[-47,-21,43,17,45,-75,51,-31,22,-35,19,-34,-41,57,-1,-46]
[-19,-33,22,13,56,-59,57,-11,41,-40,28,-35,-30,67,-2,-65]
[-5,11,22,-2,51,-49,27,1,14,-7,-6,-31,-10,50,1,-54]
[24,-5,-6,1,43,-42,-7,10,18,-15,9,-18,19,41,7,-49]
[83,-3,-74,-5,16,-23,-8,10,-1,7,9,-1,33,18,12,-39]
[62,12,-59,-15,-6,-6,-17,5,-14,7,-13,8,23,-8,-7,-11]
[5,17,-5,-10,-3,1,-34,7,0,-9,-16,8,13,-9,-5,13]
[-20,16,17,-6,2,3,-25,13,-6,-7,-7,3,2,-2,10,26]
[-26,1,31,-3,15,2,-12,17,-15,13,-4,-5,1,7,10,24]
[-12,-17,25,-4,20,-6,-25,18,1,-10,-1,-2,16,7,-8,11]
[-12,23,22,-7,20,-13,-35,19,-13,6,-17,-7,17,4,-3,9]
[-47,0,47,5,35,-24,-12,23,-17,5,12,-19,-8,20,4,-12]
[-44,-22,42,15,51,-32,21,17,18,-15,23,-38,-13,43,-30,-39]
[5,-10,-20,15,38,-46,54,-2,17,22,36,-36,-10,48,-21,-54]
[37,1,-51,4,12,-67,59,-37,-11,53,18,-20,-1,34,-13,-37]
[4,14,-16,-2,1,-98,29,-67,-26,43,-8,-8,0,20,-16,-5]
[-25,-4,13,11,9,-121,2,-78,-6,4,1,-2,3,26,-8,7]
[60,-15,-48,20,7,-88,-2,-52,6,-67,-2,4,15,30,45,5]
[-43,-14,38,7,17,-46,7,-22,11,-6,20,-10,-12,21,-18,-34]
[-70,18,67,3,38,-65,42,-18,-16,-12,4,-35,-52,43,21,-43]
[-48,-72,34,31,64,-57,71,-11,65,-32,66,-46,-32,75,-32,-77]
[49,0,-70,21,22,-70,83,-48,22,56,24,-28,-3,42,-33,-68]
[22,27,-44,13,-10,-109,45,-93,-19,78,-7,-6,2,13,-30,-22]
[-17,0,-5,20,-11,-128,14,-119,-9,22,1,6,0,19,-13,6]
[-13,-6,-9,22,-10,-128,11,-128,-2,-7,0,10,0,25,-1,12]
[-9,-1,-10,19,-10,-128,9,-127,-7,-4,-4,11,2,23,4,12]
[-14,0,-4,19,-9,-128,6,-124,-5,-9,-4,9,2,21,1,7]
[-13,1,-5,25,-9,-128,13,-117,-6,-25,3,5,-5,22,11,-4]
[-4,3,-10,28,-4,-128,38,-103,-10,-26,2,-7,-19,31,22,-10]
[-2,-23,-6,20,3,-106,60,-80,-1,-37,17,-11,-32,41,26,-21]
[10,-18,0,8,13,-82,28,-60,12,-33,-2,-4,-6,32,13,-27]
[-14,20,28,-2,14,-71,-18,-35,-10,-17,-20,0,2,11,18,-20]
[-46,-4,66,3,34,-64,-45,-6,-3,-30,4,-4,6,19,26,-24]
[-2,-20,24,7,42,-46,-48,14,13,-33,14,-6,29,23,14,-35]
[12,15,1,2,29,-33,-37,22,-17,4,-2,-10,23,8,8,-28]
[7,-5,1,10,33,-24,-25,23,5,-8,9,-16,20,18,-8,-23]
[70,-14,-72,7,11,-9,0,15,12,-6,21,-4,27,15,1,-24]
[80,21,-80,-12,-19,3,1,0,-26,34,-14,10,24,-14,5,1]
[-5,21,3,-13,-14,-3,-23,-7,-21,15,-26,8,7,-18,-14,28]
[-55,-4,46,3,10,-10,-16,-1,9,-15,0,-3,-10,8,-11,30]
[-26,-11,25,4,20,-10,3,6,14,-16,5,-9,-4,22,0,21]
[7,14,-1,-4,13,-7,2,7,-3,-4,-17,-10,8,15,0,22]
[-19,18,20,-4,15,-11,6,12,-27,11,-11,-15,-9,14,10,21]
[-47,-5,59,2,34,-16,2,24,-9,-31,-3,-24,-13,26,7,11]
[-40,-1,57,10,55,-23,2,31,-10,8,3,-33,-3,37,9,-12]
[-14,-24,9,14,52,-32,27,21,19,9,26,-41,1,45,-44,-34]
[39,-9,-62,9,26,-50,55,-12,14,37,32,-28,3,44,-34,-42]
[27,20,-46,-4,2,-80,52,-53,-25,59,-2,-14,-3,26,-20,-18]
[-19,0,8,5,8,-110,17,-76,-10,21,-5,-6,0,28,-18,2]
[55,-18,-43,18,8,-86,0,-53,11,-69,-2,4,13,32,40,3]
[-32,15,41,-6,8,-28,-39,-9,-2,-9,-18,1,7,-7,-22,-17]
[-97,11,106,-2,36,-50,-36,12,-14,-30,11,-11,-24,19,39,-26]
[-24,-78,50,24,76,-41,-38,19,49,7,50,-15,41,43,-16,-63]
[58,-1,-80,14,20,-54,-20,-19,35,39,14,-8,49,0,-93,-60]
[1,37,-49,16,-10,-98,-1,-72,1,79,17,4,12,-3,-51,-30]
[-28,0,-1,23,-7,-128,13,-111,-3,33,12,6,-2,19,-15,-3]
[-11,-10,-7,25,-6,-128,14,-125,2,-6,2,7,1,25,-4,1]
[0,-3,-17,20,-10,-128,11,-122,0,-16,0,10,2,22,2,-4]
[1,-6,-11,13,-7,-128,4,-112,-5,-11,6,14,4,19,14,-20]
[-27,15,13,8,-6,-128,7,-95,-6,-46,-4,0,-16,17,8,-26]
[-28,-17,21,22,14,-117,24,-72,-4,-22,33,-4,-22,33,48,-50]
[25,-39,-10,12,14,-89,13,-55,13,-28,18,0,8,24,15,-49]
[48,10,-37,-3,-3,-66,-29,-41,5,-23,-10,15,28,-3,10,-35]
[-11,35,13,-10,-8,-52,-44,-23,-27,-7,-12,14,6,-13,30,-12]
[-55,-1,68,-4,17,-43,-44,0,-13,-29,3,1,1,8,29,2]
[-11,-11,26,5,28,-26,-29,17,-3,-26,8,-9,15,19,23,-1]
[9,9,-1,3,19,-14,-8,24,-25,-1,-1,-14,9,9,15,1]
[-8,-2,19,8,30,-12,-6,24,-13,8,-1,-21,8,15,-5,0]
[31,-9,-40,10,19,-5,19,17,21,-19,13,-22,8,24,-24,-4]
[82,13,-100,-3,-17,5,54,0,-16,24,13,-5,-1,10,18,0]
[23,27,-21,-21,-24,-1,35,-15,-51,41,-29,1,-12,-10,11,25]
[-61,-10,68,-8,8,-20,-13,-11,-8,-7,-12,-3,-10,5,-11,22]
[-43,-13,41,2,23,-24,-11,1,21,-32,7,-10,-3,24,-8,8]
[-6,10,0,0,19,-16,26,6,-5,1,2,-19,-13,29,10,6]
[-14,-4,18,-2,23,-15,34,10,-11,-5,-1,-23,-18,31,6,7]
[-28,0,48,4,43,-16,9,20,-7,-4,-16,-28,-6,33,3,11]
[-33,-7,49,10,54,-21,-10,33,10,-23,-3,-30,4,34,-10,2]
[-27,11,31,10,58,-27,2,32,6,14,1,-39,5,41,-24,-10]
[19,-18,-38,12,42,-41,42,8,19,19,36,-36,5,51,-35,-38]
[48,4,-71,1,10,-64,64,-34,-16,58,18,-20,-1,34,-22,-37]
[2,11,-12,2,3,-96,30,-68,-20,41,-11,-10,0,23,-25,-10]
[52,-17,-37,20,7,-82,-3,-51,9,-60,-1,4,14,28,37,-4]
[-7,50,23,-20,-18,-8,-47,-5,-55,34,-38,17,9,-36,18,1]
[-107,-31,127,-1,32,-29,-80,18,2,-42,13,5,2,-2,12,-14]
[13,-61,16,9,45,-19,-101,27,60,-26,39,17,78,6,-16,-50]
[53,50,-70,-12,-12,-33,-77,-10,-24,89,-9,22,66,-42,-48,-34]
[-56,3,7,7,-16,-86,-43,-60,-4,61,31,16,15,-20,-68,-21]
[-49,-14,17,24,-4,-128,-5,-100,9,19,29,9,-1,16,-19,-15]
[-4,-2,-10,23,-9,-128,14,-114,-4,-11,5,7,-1,21,10,-14]
[36,-34,-34,21,-6,-128,0,-106,-2,-3,22,21,19,14,25,-44]
[56,-31,-43,-2,-16,-116,-50,-94,16,-28,5,40,45,-14,-10,-65]
[-27,14,30,-9,-1,-106,-98,-73,6,2,-9,39,32,-27,-8,-57]
[-66,-29,58,7,20,-97,-108,-48,71,-73,28,29,30,-4,-29,-52]
[27,9,-32,2,5,-69,-78,-33,36,-16,23,33,45,-6,26,-43]
[36,40,-45,-19,-27,-42,-43,-28,-21,-3,-11,24,20,-25,19,-11]
[-39,11,30,-16,-14,-34,-23,-16,-28,-5,7,13,-13,-10,30,3]
[-70,-12,78,-8,21,-29,-15,-2,-6,-18,1,-7,-14,16,11,12]
[-30,-22,38,6,38,-21,-7,13,18,-25,10,-16,1,31,0,3]
[2,9,1,3,29,-10,10,22,3,-17,-5,-22,-2,25,-4,4]
[-14,18,19,1,30,-9,17,26,-11,-1,-6,-27,-9,27,5,5]
[-3,-12,1,9,41,-9,39,19,2,24,12,-35,-7,42,-13,-3]
[72,-44,-89,10,18,-2,65,2,40,-6,29,-22,3,39,-42,-19]
[62,44,-75,-18,-18,-2,50,-15,-12,19,-28,-4,-10,3,-10,3]
[-31,20,41,-15,2,-19,-8,-14,-19,19,-20,5,-6,1,16,9]
[-57,-18,65,-2,27,-28,-29,-3,10,-9,-1,-5,2,15,-13,3]
[-36,-14,30,5,34,-28,-8,8,25,-26,12,-15,-4,29,-18,-5]
[-6,2,9,3,35,-22,7,13,14,-12,2,-18,0,33,0,-7]
[-5,12,22,-1,34,-20,-7,20,-10,0,-13,-18,7,23,10,2]
[-19,0,41,6,46,-23,-30,29,-4,-2,-10,-20,18,23,-3,4]
[-41,1,49,9,57,-30,-23,34,2,1,-1,-31,10,31,-26,-4]
[-19,-10,7,16,59,-38,14,22,32,-6,23,-42,4,53,-45,-25]
[49,-1,-76,11,25,-50,65,-10,9,29,35,-30,-1,48,-18,-43]
[37,24,-50,2,0,-75,63,-50,-41,67,-4,-19,-6,23,-6,-24]
[57,-19,-38,15,2,-68,16,-44,-6,-42,-4,-3,9,22,29,-10]
[5,80,-8,-30,-49,13,-9,-2,-61,-1,-46,14,-21,-44,25,13]
[-72,-37,110,-7,15,-3,-65,18,-20,0,22,21,11,-9,67,-14]
[41,-49,-13,-7,8,13,-90,21,34,-20,10,23,74,-24,-38,-29]
[19,44,-55,-17,-40,-10,-61,-10,-27,67,9,32,33,-54,-32,-24]
[-98,10,60,-2,-19,-65,-33,-59,-18,76,17,15,-3,-21,-48,-3]
[-69,-36,44,25,2,-119,-9,-93,12,18,35,10,-1,18,-18,-8]
[-11,9,-6,20,-8,-128,21,-99,-6,-30,-3,-1,-14,21,8,-2]
[96,-45,-87,14,-21,-104,4,-83,9,-46,40,33,30,11,66,-54]
[127,37,-122,-43,-77,-59,-47,-71,-51,-14,-30,61,53,-60,52,-51]
[-6,43,12,-63,-85,-54,-119,-52,-81,11,-9,79,32,-86,68,-30]
[-100,-4,106,-46,-35,-57,-128,-37,-44,9,11,55,27,-50,36,1]
[-21,-62,6,-20,-20,-46,-81,-26,15,-39,54,44,32,-16,12,-14]
[1,23,-22,-34,-31,-25,-21,-26,-24,2,-8,23,-3,-20,4,8]
[-64,-5,52,-23,-5,-24,-14,-16,3,-23,6,10,-20,5,5,12]
[-61,-11,69,-15,23,-27,-19,-3,0,-1,1,1,-6,19,16,9]
[-39,-3,49,-7,31,-25,-28,10,13,-33,-11,-11,7,22,-12,11]
[-14,2,17,5,35,-18,-8,22,0,-4,8,-16,2,28,13,-2]
[-30,9,32,2,39,-13,20,27,-3,-12,-8,-35,-16,34,-17,6]
[-5,-30,11,11,53,-18,22,26,20,8,25,-28,4,48,-7,-17]
[106,-36,-95,3,27,-11,4,5,36,21,11,-4,54,23,-39,-33]
[76,48,-93,-19,-22,-10,-13,-12,-8,16,-30,11,22,-22,-37,-9]
[-17,9,12,-10,-7,-20,-38,-13,4,-2,3,21,8,-12,9,-7]
[-57,20,65,-15,6,-25,-49,-5,-8,-6,-18,8,5,-6,3,9]
[-57,-9,63,-1,27,-31,-41,9,0,-12,12,-3,6,16,13,0]
[-3,-23,13,3,32,-24,-18,15,6,-12,14,-10,15,23,1,-11]
[4,11,4,-3,24,-18,-17,18,-5,-10,-11,-13,12,13,-9,-2]
[-16,11,29,2,32,-20,-28,25,-9,-3,-5,-13,13,16,10,1]
[-37,8,55,0,43,-28,-30,32,-20,3,-6,-21,10,21,4,2]
[-47,-13,55,9,65,-38,-13,32,4,7,12,-38,8,43,-27,-16]
[15,-27,-36,18,53,-43,40,14,39,-8,41,-42,3,58,-49,-45]
[52,22,-79,6,14,-56,80,-22,-11,42,19,-30,-12,39,-12,-42]
[81,2,-65,8,3,-47,49,-30,-21,-1,-7,-12,2,27,37,-18]
[-7,85,-6,-25,-43,25,18,0,-62,15,-50,2,-42,-38,11,17]
[-46,-66,65,2,9,21,-24,20,42,-63,45,14,0,7,37,-20]
[70,19,-53,-20,-20,42,-26,16,-18,44,-15,20,39,-30,13,-14]
[-9,5,-22,-18,-44,13,-22,-14,-22,55,14,26,8,-49,-42,-14]
[-120,3,84,-2,-17,-52,-19,-59,-8,80,13,13,-15,-20,-58,5]
[-82,-41,60,26,8,-113,-21,-93,30,20,29,12,6,18,-31,6]
[-29,17,12,20,3,-128,6,-96,-8,-8,-17,0,-11,22,3,24]
[84,-20,-101,16,-19,-82,33,-71,55,-128,17,6,3,35,25,-1]
[127,59,-128,-32,-84,-9,96,-52,-68,12,-2,29,-23,-12,118,-13]
[22,19,-37,-69,-92,17,72,-50,-75,24,-23,29,-49,-39,27,13]
[-113,-13,102,-56,-39,-8,3,-42,-31,27,2,28,-44,-13,16,24]
[-39,-58,35,-34,-12,-22,-24,-38,35,-30,23,30,6,11,0,6]
[-1,14,-15,-42,-31,-19,-18,-33,-19,14,-11,32,-1,-14,10,12]
[-72,3,66,-31,-5,-25,-39,-24,7,-19,-17,17,-8,-2,-16,22]
[-60,-10,57,-15,12,-30,-41,-7,18,-31,10,12,1,15,13,9]
[-37,11,48,-10,24,-26,-26,3,-18,12,-14,-4,4,16,18,14]
[-28,-25,37,4,34,-23,-25,17,18,-42,6,-13,9,23,-15,2]
[-48,33,53,1,43,-22,-6,28,-15,3,-17,-30,-12,29,1,10]
[22,-68,-5,17,58,-22,-11,28,40,-6,44,-15,37,46,-7,-31]
[127,-10,-128,-10,-2,-4,-37,4,24,20,-6,21,87,-12,-39,-37]
[62,86,-81,-33,-51,-7,-57,-14,-45,34,-43,32,28,-57,-15,1]
[-40,-8,28,-11,-21,-14,-55,-13,4,-22,22,30,6,-21,18,-3]
[-68,28,65,-18,-9,-15,-17,-6,-35,5,-13,3,-22,-7,22,17]
[-74,-33,82,0,28,-22,-8,8,1,-23,21,-11,-14,27,16,1]
[6,-16,8,-2,25,-15,-1,16,4,-19,6,-13,10,25,7,-7]
[15,13,-5,-4,18,-12,-6,16,-25,21,-9,-10,11,10,10,-3]
[-17,-6,28,4,28,-15,-19,20,-2,-12,-4,-15,9,13,-14,2]
[-30,3,45,4,41,-21,-25,29,-4,-7,-1,-18,7,21,4,-4]
[-47,0,66,-1,58,-31,-30,36,-3,0,-1,-26,11,31,-10,-13]
[-15,-22,17,9,67,-38,-13,30,25,9,25,-33,22,48,-37,-36]
[25,1,-55,9,36,-48,40,2,21,12,26,-35,1,44,-49,-40]
[95,-3,-96,13,14,-35,53,-11,3,3,15,-15,6,37,25,-29]
[-23,102,10,-33,-48,26,15,5,-80,18,-60,2,-50,-44,21,27]
[-48,-85,64,13,26,31,-13,22,61,-47,53,3,2,23,20,-16]
[88,5,-95,-16,-29,54,23,18,-2,18,1,12,12,-21,-4,-15]
[-6,33,-19,-25,-45,30,5,-15,-17,56,-11,18,-5,-43,-36,-2]
[-123,7,88,-9,-23,-42,-10,-55,-19,90,17,15,-20,-21,-38,5]
[-84,-42,65,15,0,-108,-18,-94,18,34,27,13,8,14,-35,9]
[-37,8,24,11,-6,-128,-13,-102,-20,5,-15,12,-1,16,7,35]
[5,-14,-19,26,22,-100,26,-78,38,-68,-14,-16,-12,53,-8,43]
[127,-46,-128,12,-18,-22,117,-44,69,-106,41,-3,-33,54,17,-5]
[69,85,-102,-54,-58,27,127,-46,-28,39,-60,-2,-61,4,2,29]
[-87,14,64,-49,-32,3,61,-40,-12,21,-12,6,-63,15,7,34]
[-11,-46,10,-31,-12,-15,25,-43,18,0,15,20,-6,27,21,8]
[43,-5,-50,-42,-45,-13,-4,-43,-14,1,-15,37,11,-18,3,7]
[-59,32,60,-35,-25,-25,-57,-36,-25,12,-39,31,1,-28,-2,24]
[-88,-30,84,-3,12,-33,-62,-18,31,-37,15,16,4,7,-8,8]
[-36,-5,38,-3,15,-30,-34,-2,5,-20,5,7,5,11,16,4]
[-14,-3,36,0,30,-23,-43,8,1,-2,-12,-1,24,10,4,4]
[-72,19,78,-1,39,-29,-39,26,-11,-15,-16,-20,-5,14,-16,11]
[49,-81,-29,22,55,-20,-49,27,73,-29,54,2,68,37,-10,-42]
[127,46,-128,-22,-41,12,-31,-1,-5,24,-24,28,77,-38,-26,-25]
[26,82,-57,-35,-70,7,-18,-17,-77,49,-26,31,-11,-59,22,11]
[-77,-32,70,-8,-15,-1,-10,-17,7,-29,20,12,-24,-5,6,8]
[-83,6,78,-10,3,-8,22,-4,-23,1,2,-9,-45,12,23,12]
[-65,-37,82,3,39,-15,9,9,18,-25,11,-20,-15,37,2,-2]
[7,-5,1,3,32,-9,11,18,12,-11,1,-21,4,30,-4,-8]
[20,10,-19,-1,14,-7,14,18,-8,-2,1,-14,1,16,5,-7]
[-5,18,19,-2,20,-9,-1,18,-25,15,-14,-15,2,11,12,5]
[-16,-12,36,1,31,-15,-20,27,-10,-13,2,-13,9,17,10,-2]
[-29,3,51,-7,43,-20,-35,35,-13,1,-7,-17,15,19,-1,-4]
[-23,-16,36,-1,55,-30,-44,34,10,7,12,-18,31,29,-23,-19]
[-13,6,-1,5,46,-46,-11,12,7,30,9,-28,17,33,-49,-18]
[88,-37,-93,23,27,-35,17,0,37,-24,35,-11,28,40,-7,-31]
[-34,104,20,-35,-46,26,20,6,-85,27,-62,1,-56,-43,20,35]
[-51,-108,75,17,40,28,-27,22,78,-41,57,6,16,29,5,-15]
[107,11,-115,-17,-27,52,1,16,17,7,-10,18,29,-26,-28,-11]
[-27,75,-14,-29,-49,34,12,-8,-23,39,-25,9,-29,-41,-31,11]
[-128,-14,90,-5,-14,-28,35,-40,-11,67,48,2,-47,5,-8,-13]
[-64,-43,49,3,-2,-89,36,-86,1,59,27,-1,-9,24,-32,-14]
[-30,-2,16,2,-14,-128,8,-107,-20,17,-6,10,-3,17,-6,15]
[-45,10,49,8,14,-128,-8,-84,-14,-39,-30,-3,-12,38,26,45]
[94,-66,-99,17,15,-63,23,-46,73,-114,27,3,22,57,15,4]
[80,74,-125,-35,-46,-6,90,-37,-33,20,-39,-2,-39,5,-3,24]
[-51,-24,34,-18,-3,-11,58,-39,9,34,5,0,-39,27,-14,13]
[25,-44,-29,-13,-5,-19,14,-46,63,-39,2,15,11,21,-37,-9]
[85,26,-100,-26,-51,-8,-12,-47,7,7,-11,44,24,-26,16,-15]
[-35,50,30,-35,-54,-15,-44,-43,-48,21,-37,41,-7,-51,21,13]
[-110,-27,119,-4,1,-31,-75,-26,10,-18,9,25,3,-14,7,6]
[-47,-23,49,1,9,-30,-52,-8,19,-33,16,13,12,2,4,0]
[-5,11,14,-7,5,-20,-39,4,-8,-15,-6,9,16,-2,22,6]
[-71,28,88,-12,24,-27,-43,19,-44,11,-22,-8,-4,1,21,19]
[59,-94,-38,19,41,-11,-59,21,74,-46,53,8,76,25,-21,-37]
[127,56,-128,-17,-51,24,4,-3,-23,43,-16,21,41,-39,-21,-20]
[-10,44,-24,-24,-57,17,21,-18,-41,15,-11,18,-39,-39,2,8]
[-94,-14,94,-5,2,4,10,-15,10,-8,4,0,-36,8,10,9]
[-82,-10,84,-4,16,-9,17,2,0,-17,7,-13,-37,21,12,6]
[-44,-15,62,1,38,-13,3,14,11,-13,2,-19,-6,33,10,-1]
[-1,2,8,1,30,-9,10,23,-2,-7,-1,-23,-1,27,0,-4]
[13,-2,-14,5,24,-4,26,21,-1,-3,8,-24,-5,27,-2,-8]
[12,0,-4,4,23,-4,25,19,-13,14,-1,-20,-4,21,5,-4]
[8,-5,14,1,29,-6,-9,22,1,-9,-11,-14,14,16,-5,0]
[-16,12,31,-6,31,-13,-36,28,-8,3,-12,-10,17,10,-3,3]
[-21,-7,32,0,40,-23,-48,25,5,12,2,-9,31,17,-18,0]
[-36,8,29,5,39,-48,-35,6,-7,40,-2,-16,22,18,-39,5]
[73,-44,-69,27,33,-40,-22,-2,48,-34,25,-4,48,32,-20,-15]
[-35,99,22,-38,-46,23,11,3,-82,30,-62,5,-50,-46,14,36]
[-36,-104,64,10,33,23,-56,17,85,-48,51,19,38,19,1,-12]
[112,38,-125,-26,-44,47,-20,10,-8,21,-21,28,36,-41,-12,1]
[-72,59,36,-26,-36,29,11,-2,-43,42,-19,4,-49,-35,-18,17]
[-128,-59,115,8,21,-16,37,-18,48,-8,60,-15,-49,31,-40,-36]
[-35,-21,13,4,9,-64,58,-60,17,69,37,-11,-14,34,-28,-53]
[-13,4,-6,-1,-14,-113,35,-97,-21,54,2,2,-8,17,-17,-17]
[-57,17,61,2,3,-128,0,-87,-29,-31,-25,-2,-23,30,30,25]
[53,-51,-41,19,24,-83,6,-51,50,-100,16,-2,19,57,35,-1]
[70,37,-101,-16,-27,-29,70,-32,-32,4,-13,-5,-26,13,13,3]
[23,-37,-18,-12,-9,-20,16,-34,15,7,9,16,11,9,-5,-15]
[61,18,-57,-21,-30,-19,-36,-42,7,2,-27,31,37,-25,-13,-14]
[53,21,-88,-19,-67,-2,-15,-38,4,-37,13,39,3,-37,14,-18]
[-30,52,8,-33,-70,6,26,-33,-67,16,-6,27,-50,-38,69,6]
[-89,-37,106,-17,-17,-7,-5,-24,-30,10,13,16,-23,-11,40,3]
[-47,-37,60,-9,2,-17,-33,-14,2,-5,7,12,8,-5,-6,2]
[-26,5,23,-7,1,-16,-27,-2,6,-30,-4,3,0,0,-3,10]
[-70,22,75,-9,18,-20,-14,15,-28,-9,-6,-9,-22,12,34,14]
[69,-74,-45,13,33,3,-23,16,56,-23,36,2,59,27,-6,-29]
[127,44,-128,-20,-54,28,23,-2,-28,29,-12,17,19,-37,-18,-16]
[-25,41,3,-23,-45,20,20,-15,-34,17,-16,12,-37,-31,5,11]
[-86,-27,93,-3,6,2,0,-8,5,-1,13,4,-27,6,17,3]
[-64,-20,78,-2,24,-9,-14,5,11,-11,-2,-6,-9,13,-8,0]
[-42,-8,53,4,37,-14,-25,17,22,-19,0,-13,5,22,-11,-5]
[-11,-6,18,7,40,-12,-11,25,11,0,8,-16,7,26,-2,-12]
[7,-10,-1,9,38,-8,-2,24,19,-5,3,-20,12,24,-26,-14]
[26,0,-21,7,26,-6,-9,21,17,-4,3,-11,18,15,-13,-16]
[28,18,-14,-1,17,-5,-24,18,-6,11,-14,-3,24,2,2,-4]
[-16,13,23,-4,17,-11,-36,18,-11,5,-11,-4,15,0,-9,9]
[-32,-1,33,5,26,-24,-35,11,3,12,1,-8,20,13,-18,14]
[-33,0,29,11,28,-53,-26,-9,-13,44,1,-8,21,15,-23,17]
[67,-30,-53,25,24,-45,-30,-14,30,-32,2,-1,50,21,-17,4]
[-17,92,7,-41,-51,22,1,0,-82,37,-58,14,-37,-51,18,30]
[-27,-90,49,2,20,23,-63,9,80,-45,41,24,42,8,-10,-10]
[88,40,-114,-29,-52,43,-9,4,-14,22,-11,29,17,-41,-5,2]
[-80,38,65,-30,-31,25,-6,2,-46,25,-17,15,-43,-34,12,19]
[-128,-39,127,2,35,-8,-21,2,40,-22,23,-12,-22,17,-32,-24]
[-32,-43,5,14,22,-41,22,-22,39,42,67,-8,0,27,-35,-77]
[6,12,-30,-1,-13,-80,40,-68,-15,65,13,-4,-6,9,-32,-52]
[-56,13,59,6,4,-115,6,-75,-33,3,-9,-3,-23,21,26,-12]
[18,-60,1,29,36,-88,-10,-51,48,-73,17,-4,19,48,19,-19]
[65,14,-81,2,-7,-43,23,-30,9,-27,-6,1,1,12,-5,-13]
[101,-27,-95,-3,-16,-14,-16,-31,33,4,15,33,48,-8,3,-38]
[90,34,-91,-27,-56,-3,-51,-40,-21,34,-29,51,41,-61,-5,-24]
[-38,24,4,-15,-47,6,-39,-34,22,-35,-6,28,-17,-43,-33,-5]
[-80,-10,41,-2,-21,11,38,-18,21,-21,44,10,-65,4,32,-13]
[-51,-9,51,-18,-7,13,48,-16,15,-10,-1,-3,-38,13,9,1]
[-29,16,32,-20,-11,-1,14,-12,-17,18,-9,3,-16,3,24,10]
[-38,-1,43,-11,1,-11,9,-5,-31,11,-4,-4,-19,8,25,16]
[-64,-24,73,-2,26,-19,-1,8,-3,-22,0,-14,-17,22,-2,14]
[65,-46,-57,13,27,1,-14,7,64,-28,18,-1,46,27,-24,-8]
[119,53,-128,-15,-47,23,32,-7,-24,31,-17,14,7,-24,-2,8]
[-17,25,4,-18,-34,17,27,-17,-33,25,-18,11,-33,-21,8,23]
[-72,-12,77,-8,-1,2,-9,-8,15,-34,-5,4,-19,1,-1,16]
[-52,19,59,-9,5,-7,-13,8,-19,-2,-5,-1,-13,5,37,13]
[-43,-3,57,-6,19,-10,-4,19,-28,-1,1,-14,-9,16,26,11]
[-5,-25,20,-1,26,-9,-3,27,-9,-17,12,-14,7,22,12,-2]
[25,2,-9,-5,21,-6,-14,25,-17,12,-5,-10,22,9,4,-4]
[28,-1,-22,0,13,-5,-24,19,-4,2,0,-4,26,1,-12,-4]
[22,12,-23,-1,2,-5,-18,12,-12,9,-3,0,16,-4,0,7]
[-28,20,25,-2,7,-16,-13,2,-21,22,-16,-7,0,1,-7,32]
[-44,-19,39,17,28,-38,-12,-12,3,31,4,-10,10,20,-23,34]
[-16,-11,9,22,22,-66,-16,-34,11,19,-7,-6,24,16,-45,33]
[67,4,-56,26,12,-56,-25,-30,12,-27,-16,3,38,14,7,20]
[9,88,-20,-44,-60,26,0,-2,-73,26,-53,21,-29,-56,15,21]
[-30,-63,46,-10,5,28,-55,6,58,-30,32,26,29,-2,-1,-14]
[56,15,-84,-32,-48,41,-3,2,-7,21,9,29,5,-34,-5,-9]
[-47,19,44,-34,-34,29,-23,0,-28,12,-15,28,-19,-37,15,14]
[-128,10,127,-12,21,2,-60,11,2,-13,-18,1,-14,-10,-6,10]
[-43,-69,32,18,33,-18,-27,9,57,-6,78,1,18,19,-23,-70]
[23,22,-45,-10,-13,-38,26,-26,-19,57,20,-3,-2,-7,-27,-76]
[-49,0,50,-1,0,-79,-5,-47,-30,29,17,4,-12,3,20,-53]
[-19,-11,32,16,13,-78,-30,-43,17,-48,-3,-3,14,18,10,-6]
[65,-8,-68,15,-6,-49,2,-27,-14,-3,21,11,17,10,51,-5]
[127,-1,-128,-14,-50,0,11,-30,10,-52,-11,22,34,-20,-8,-8]
[85,91,-117,-46,-107,21,23,-31,-81,16,-21,41,-18,-59,76,12]
[-76,24,69,-36,-61,17,36,-29,-103,60,-11,18,-62,-32,76,40]
[-103,-80,102,-9,-8,7,30,-15,15,-60,25,-3,-47,15,-12,28]
[-32,-3,24,-7,3,6,44,-10,5,9,0,-10,-31,24,8,17]
[-22,-6,12,-5,3,2,56,-8,1,-2,0,-17,-35,25,-8,9]
[-26,-5,29,-4,11,-8,40,-4,-2,-9,-3,-15,-27,26,10,2]
[-38,4,53,-4,22,-22,0,-2,-9,18,-18,-12,-1,20,3,22]
[51,-42,-50,17,21,-18,-19,-13,40,18,9,3,49,20,-32,25]
[86,37,-123,-1,-36,-5,23,-28,0,-4,-29,8,6,-13,-38,50]
[3,31,-18,-6,-29,-3,22,-27,-15,-6,-21,14,-22,-9,24,43]
[-45,0,56,-4,2,-3,1,-17,-10,9,-21,3,-14,1,10,28]
[-62,-26,63,7,23,-9,-7,1,22,-22,3,-9,-14,14,-24,12]
[-54,-2,58,8,39,-12,-2,14,27,-21,-4,-20,-13,29,-15,8]
[-6,-5,13,9,42,-7,5,24,28,-19,4,-22,4,36,-3,-2]
[35,13,-32,-3,19,1,16,24,-3,2,-3,-17,7,20,3,-4]
[22,17,-22,-6,9,2,15,16,-15,18,-8,-14,4,10,-3,5]
[-4,7,-8,0,5,-8,22,2,-11,22,-1,-14,-6,12,-12,24]
[-37,2,25,7,15,-32,25,-18,-16,49,-8,-16,-10,20,-18,51]
[-26,-26,22,20,27,-64,-5,-40,20,21,-9,-8,22,25,-47,54]
[1,19,-14,22,12,-91,-24,-60,6,22,-27,0,33,10,-41,50]
[58,4,-54,28,3,-73,-20,-44,2,-49,-12,7,24,13,27,29]
[36,87,-48,-46,-68,35,-3,-4,-68,25,-54,28,-20,-63,13,14]
[-42,-48,51,-20,-6,36,-52,7,47,-30,26,30,14,-12,2,-15]
[34,1,-57,-37,-44,47,-9,7,7,6,18,32,2,-30,-3,-22]
[-12,19,8,-40,-46,41,-21,1,-22,13,-7,34,-8,-40,20,-3]
[-128,31,127,-25,-4,14,-53,12,-40,10,-28,10,-26,-28,22,22]
[-68,-69,71,11,33,4,-44,24,60,-52,55,-1,15,17,-16,-32]
[42,7,-58,-13,-8,-2,20,6,-24,60,32,5,3,-6,9,-58]
[-21,-2,21,-17,-10,-33,-10,-24,-18,29,3,8,2,-16,-23,-41]
[-70,5,68,18,20,-60,-28,-34,-3,32,2,-6,-3,6,-10,-11]
[31,-56,-39,30,10,-46,5,-25,58,-80,42,-1,11,27,-6,-18]
[103,64,-126,-6,-30,3,73,-28,-15,11,-28,-10,-17,8,18,10]
[12,6,-69,-6,-40,29,127,-26,-11,0,17,-22,-89,23,2,19]
[-58,-6,40,-12,-17,22,127,-27,-4,-7,-6,-25,-96,36,14,33]
[-64,1,81,-4,20,5,72,-22,3,21,-32,-26,-43,39,9,39]
[-22,-32,21,8,18,-9,43,-9,17,-12,8,-16,-20,33,-8,13]
[-6,14,8,1,15,-8,35,-2,2,-17,-18,-20,-20,23,-6,4]
[-8,-8,14,6,21,-10,23,5,6,-6,9,-15,-10,25,12,-18]
[-8,-16,16,4,22,-21,4,-5,1,44,4,-9,12,14,-22,-12]
[22,3,-34,6,1,-32,-15,-25,36,-9,-9,-4,31,8,-62,14]
[18,73,-59,1,-32,-33,53,-34,-40,4,-14,-12,-34,11,31,40]
[21,-31,-27,7,-16,-16,97,-30,-29,-18,22,-12,-42,34,60,21]
[16,2,2,-16,-17,-3,55,-21,-36,-8,-34,-8,-20,5,16,27]
[-54,28,66,-14,0,-13,-8,-2,-28,-13,-29,-7,-15,2,17,30]
[-64,-4,73,-1,25,-21,-3,17,-27,-6,10,-17,-17,25,39,18]
[-12,-22,24,2,35,-12,23,25,-8,-20,7,-30,-6,39,5,10]
[30,-2,-31,-1,25,-1,43,27,-7,-7,4,-30,-8,35,1,2]
[24,1,-27,-3,20,0,49,15,-13,28,0,-25,-9,29,-9,2]
[-12,-7,2,1,23,-19,36,-6,5,38,-4,-24,-6,27,-47,13]
[-23,-15,10,9,24,-55,11,-31,21,32,4,-11,10,28,-50,16]
[3,8,-12,10,14,-85,-18,-58,17,22,-15,1,34,18,-43,20]
[-3,23,-17,15,-2,-108,-17,-74,-13,18,-10,5,19,10,-15,16]
[44,-13,-35,24,1,-81,-8,-52,2,-67,-2,6,12,20,37,7]
[62,87,-76,-44,-80,42,4,-8,-75,33,-52,34,-18,-67,26,18]
[-44,-38,56,-23,-20,44,-48,4,28,-30,11,33,5,-24,7,-2]
[14,-8,-32,-32,-40,56,-17,11,15,-8,18,32,0,-29,-2,-21]
[1,10,-14,-34,-48,57,-4,4,-10,12,5,31,-14,-36,14,-16]
[-110,24,121,-27,-17,29,-31,10,-42,23,-21,15,-34,-33,25,13]
[-99,-51,115,7,40,15,-47,24,50,-30,20,-7,4,16,-24,-1]
[41,-27,-59,-4,1,17,7,23,32,-14,45,5,12,9,-7,-34]
[28,45,-33,-28,-23,6,9,-6,-41,64,-18,9,5,-22,1,-21]
[-76,-7,80,-4,2,-38,-37,-18,-26,28,9,9,-2,-17,-5,-24]
[-20,-32,25,18,21,-41,-33,-18,42,-37,20,-4,18,15,-20,-22]
[9,28,-47,1,-6,-20,66,-11,-7,-10,14,-22,-47,26,11,3]
[-4,-40,-13,5,20,-2,105,-13,19,10,25,-27,-47,53,-1,0]
[-2,-1,-2,-5,16,-4,71,-19,26,-4,-26,-25,-28,32,-43,12]
[-29,5,28,5,26,-23,19,-15,21,14,-8,-11,-12,26,-9,5]
[11,-23,1,10,26,-25,-16,-10,36,-14,0,0,23,16,-17,-8]
[-5,43,9,-1,12,-18,-22,3,-4,-20,-30,-7,0,-1,-3,2]
[-21,-15,22,13,27,-11,-11,17,23,-28,25,-9,0,19,13,-24]
[30,-9,-28,-2,6,-12,-3,3,1,33,18,2,24,1,-8,-33]
[-2,21,-8,-2,2,-31,-3,-24,-23,71,-10,-5,9,-5,-37,-16]
[-60,-46,36,26,31,-53,31,-30,28,-12,35,-20,-36,34,-37,-28]
[11,-37,-19,26,36,-34,45,-24,97,-87,14,-24,-13,53,-42,-29]
[32,85,-49,-5,-5,-10,63,-11,-9,5,-31,-20,-34,23,34,6]
[-56,18,55,-3,17,-10,74,1,-43,27,-5,-33,-57,37,41,21]
[-66,-40,79,5,49,-16,61,16,10,-36,5,-46,-40,59,-11,13]
[-6,-14,20,8,59,-15,46,26,13,0,2,-41,-10,60,1,-2]
[21,-4,-21,6,46,-12,38,21,15,9,-9,-37,2,46,-34,7]
[31,-4,-41,9,32,-22,20,2,21,32,-4,-18,17,33,-36,22]
[15,18,-25,3,18,-48,-9,-28,4,51,-29,-3,27,14,-48,40]
[-3,6,-14,8,9,-83,-39,-55,17,24,-15,11,36,9,-48,32]
[0,21,-25,11,-4,-106,-28,-77,-4,24,-12,14,23,8,-21,25]
[-16,3,-6,18,-6,-119,-7,-88,-10,2,-2,10,2,14,-3,18]
[42,-11,-28,23,2,-86,-5,-59,4,-68,-11,7,7,23,44,14]
[77,73,-99,-33,-82,44,28,-15,-62,28,-39,31,-22,-58,27,25]
[-31,-14,43,-21,-33,48,-25,-6,8,-21,-12,31,-6,-30,18,22]
[-1,-12,-8,-21,-37,58,-17,7,12,-9,8,30,-4,-30,5,3]
[2,0,-16,-22,-43,62,-1,5,3,5,3,27,-12,-35,2,1]
[-77,22,80,-24,-28,39,-24,8,-30,18,-17,21,-26,-38,19,18]
[-114,-12,127,-7,24,16,-53,22,8,-6,-6,-1,-6,-3,-2,16]
[13,-53,-20,3,18,21,-11,28,51,-33,50,-1,16,19,-14,-28]
[48,43,-71,-30,-30,27,42,13,-29,22,-3,0,-17,-11,4,-22]
[-31,7,38,-22,-13,1,4,-1,-36,33,8,8,-12,-13,30,-27]
[-39,-29,58,-5,16,-20,-29,-7,-11,37,9,3,12,-2,-6,-25]
[-75,-10,58,-3,23,-32,-5,-1,22,-32,8,-19,-26,20,-48,-3]
[9,-42,-15,8,36,-27,11,1,61,-31,43,-6,10,49,5,-26]
[41,65,-42,-26,-6,-18,20,-8,-37,34,-43,-8,2,4,3,10]
[-2,-24,5,-6,5,-31,-17,-8,-6,1,20,9,14,8,16,-9]
[59,-17,-40,-9,-5,-22,-48,-12,-1,1,-4,24,51,-14,1,-13]
[-19,46,25,-16,-10,-19,-66,1,-38,-3,-36,15,11,-33,6,13]
[-69,-22,69,12,30,-12,-51,20,36,-55,20,-5,3,11,-6,-3]
[32,-14,-48,9,10,0,11,11,22,16,36,-4,15,14,-4,-25]
[16,35,-24,-16,-19,-17,22,-13,-49,59,-13,0,-6,-12,-2,-4]
[-31,-16,55,-7,5,-48,-45,-17,-18,-12,1,13,18,-5,22,-12]
[-8,11,21,0,14,-40,-49,-8,-9,-12,-10,-1,23,1,6,-9]
[-43,-2,15,11,17,-25,36,8,-8,-19,27,-28,-43,29,-2,-7]
[-53,-24,53,8,46,-19,73,16,14,-29,18,-43,-48,61,5,-7]
[-25,3,52,0,64,-20,43,26,1,6,-16,-46,-15,60,5,-5]
[23,-33,-2,4,60,-21,4,35,21,-11,14,-28,23,48,-11,-26]
[27,13,-23,-3,40,-29,-18,15,5,47,-16,-19,38,21,-49,-3]
[25,-12,-43,14,26,-52,-39,-17,33,45,5,0,54,15,-67,25]
[30,35,-55,8,-5,-81,-36,-56,0,40,-29,12,44,-2,-48,58]
[-6,22,-20,15,-8,-105,-33,-81,-5,25,-20,14,30,3,-30,57]
[-19,3,-8,22,-8,-120,-9,-94,-6,4,-6,9,9,12,-17,44]
[-20,0,3,26,-2,-126,4,-98,-1,-13,-9,3,3,20,-7,34]
[45,-4,-30,27,1,-89,1,-62,0,-71,-15,5,7,23,50,23]
[83,38,-109,-17,-68,38,50,-18,-39,27,-11,24,-21,-37,27,14]
[-5,3,13,-18,-41,44,4,-18,-4,-9,-29,24,-13,-32,8,33]
[-13,-9,6,-11,-35,49,-16,-5,17,-11,-1,28,-5,-30,2,24]
[2,0,-15,-14,-39,53,-4,-3,8,4,-2,27,-6,-32,2,21]
[-46,19,44,-19,-34,41,-15,1,-18,5,-17,22,-20,-37,11,25]
[-112,4,127,-13,9,19,-40,17,-12,1,-13,4,-19,-11,13,21]
[-14,-69,25,5,32,21,-31,29,56,-28,41,2,23,20,-15,-23]
[59,-3,-71,-16,-3,33,7,21,10,25,9,7,10,-7,-24,-33]
[-21,33,6,-24,-11,25,-8,12,23,-26,-17,1,-12,-15,-40,-16]
[-49,34,40,-19,-8,3,-8,11,-15,14,17,6,-18,-1,48,-17]
[-79,9,96,-23,14,-19,7,10,-68,56,-2,-13,-26,13,40,3]
[1,-80,7,1,32,-20,0,9,47,-61,39,-16,18,41,-32,-26]
[47,34,-62,-16,-2,-13,39,4,-38,42,1,-9,-11,12,19,-22]
[43,-53,-28,-8,10,-11,-5,-6,30,-13,19,8,29,10,-21,-37]
[86,24,-84,-22,-30,-2,-47,-14,9,0,-16,32,48,-33,-11,-26]
[-28,55,29,-27,-33,-7,-67,-4,-54,23,-24,33,3,-48,38,11]
[-108,-29,124,2,30,-12,-74,12,13,-23,4,4,6,-2,-7,13]
[-25,-31,2,15,26,-4,-13,14,60,-36,36,-13,9,22,-49,-11]
[14,48,-45,-7,-11,-7,60,-1,-25,29,5,-16,-31,15,14,0]
[-3,25,7,-13,-9,-14,62,-7,-40,-16,-11,-20,-35,23,47,11]
[-30,15,39,-11,4,-14,68,6,-67,7,-1,-30,-49,28,64,3]
[-63,-37,81,-1,39,-14,64,24,-29,-15,16,-44,-46,48,16,-11]
[-31,-23,53,2,59,-15,45,36,7,-30,9,-49,-21,60,-2,-24]
[10,-3,13,-3,56,-14,30,47,-13,1,10,-39,-3,52,22,-34]
[54,-6,-30,-12,40,-3,3,48,2,-21,2,-28,27,34,-3,-36]
[36,23,-40,-18,13,-18,-3,22,-37,66,9,-11,27,8,-8,-35]
[22,-19,-34,-4,2,-48,-14,-23,-6,58,21,-1,40,5,-54,-24]
[19,16,-44,0,-21,-86,-1,-64,-25,31,5,7,16,0,-26,-13]
[-22,4,1,8,-15,-107,15,-83,-17,0,10,2,-7,14,-6,-16]
[-23,-12,12,15,-5,-114,26,-86,-11,-13,19,-2,-12,25,12,-31]
[-15,-5,11,15,-3,-114,29,-84,-16,-14,10,-7,-12,25,14,-36]
[43,-21,-24,21,0,-79,18,-52,-7,-60,9,0,-1,26,57,-29]
[93,-13,-112,-6,-44,35,61,-10,-2,3,29,17,-12,-11,26,-29]
[31,35,-28,-29,-53,45,26,-19,-26,18,-40,19,-15,-40,3,10]
[-28,-13,20,-11,-35,38,-13,-12,12,0,7,27,-8,-29,4,13]
[0,-9,-12,-14,-38,41,-3,-10,11,-3,4,26,-6,-27,0,17]
[-34,28,26,-21,-38,37,-2,-4,-17,-9,-20,18,-25,-31,15,26]
[-109,16,117,-17,-4,21,-12,15,-25,-10,-10,1,-39,-8,32,25]
[-3,-73,28,0,24,25,-24,27,33,-12,39,8,27,17,18,-14]
[124,-24,-107,-26,-26,37,-50,18,-1,23,1,42,67,-40,-9,-26]
[3,29,8,-29,-17,26,-109,5,-18,68,-43,43,47,-68,-48,-5]
[-114,-41,93,8,26,3,-109,11,93,-54,26,19,13,-19,-97,-25]
[-81,-9,75,8,42,-13,-66,19,64,-11,34,12,6,10,-12,-48]
[8,-23,17,5,53,-8,-66,15,63,13,5,3,52,15,-36,-56]
[48,-16,-55,-6,10,-7,-64,17,46,-19,26,22,43,-14,-38,-68]
[79,17,-71,-20,-11,9,-87,6,43,-7,0,39,67,-33,-16,-61]
[61,40,-80,-30,-51,20,-65,-4,-11,28,6,46,34,-56,7,-43]
[-39,11,30,-31,-45,16,-50,-3,-28,1,9,38,-9,-49,22,-13]
[-101,-6,127,-20,6,1,-80,9,-9,-9,-6,21,5,-23,21,-2]
[-76,-38,81,5,38,-7,-63,18,32,6,27,-1,20,6,-34,-25]
[-48,-9,17,8,28,-11,18,15,35,-22,29,-27,-26,28,-52,-28]
[-33,5,21,15,47,-7,84,16,22,-15,18,-49,-56,63,9,-30]
[-24,-17,33,11,56,2,102,31,19,-36,14,-57,-57,69,9,-39]
[-11,-10,45,4,68,6,54,47,13,-4,0,-49,-19,58,8,-48]
[2,-13,34,4,74,3,2,59,12,10,2,-40,12,43,-11,-57]
[25,-19,-1,3,63,6,-25,68,34,-31,17,-29,27,32,-26,-66]
[47,19,-33,-3,50,21,-16,67,16,5,7,-27,24,24,-10,-64]
[29,-2,-39,-7,25,18,17,51,15,4,39,-23,4,16,-29,-88]
[26,15,-35,-9,6,3,41,19,-6,35,36,-22,-6,12,-16,-114]
[9,3,-17,-9,-12,-26,65,-9,-37,22,52,-19,-34,11,27,-128]
[-23,-17,29,-5,-3,-41,72,-20,-34,1,51,-25,-47,21,35,-128]
[-18,-26,29,1,6,-45,68,-17,-18,-26,57,-27,-43,29,42,-128]
[-7,-12,21,0,6,-41,72,-10,-32,-12,52,-29,-44,25,54,-128]
[38,-44,-11,8,7,-24,51,-5,-14,-3,50,-16,-12,23,51,-121]
[108,-51,-111,1,-19,46,49,14,40,-44,54,10,6,5,22,-78]
[64,61,-70,-39,-63,66,42,2,-50,59,-29,16,-20,-51,10,-36]
[-40,-24,35,-18,-34,44,-8,-5,11,11,21,24,-14,-30,-4,-20]
[-5,-12,-4,-19,-36,39,-5,-8,14,0,13,26,-7,-25,1,-9]
[-39,22,30,-22,-32,35,4,-4,-17,1,-12,15,-31,-25,17,10]
[-110,-15,116,-7,13,20,-5,12,1,-3,2,-3,-37,2,7,12]
[36,-98,-10,13,31,26,-42,17,84,-18,42,20,56,13,-23,-29]
[127,34,-128,-30,-64,49,-73,-1,26,-3,-31,60,87,-70,-33,-12]
[51,92,-51,-56,-105,37,-128,-9,-78,52,-41,93,52,-122,57,17]
[-99,-4,127,-35,-40,12,-128,-1,-54,31,-16,78,56,-97,34,11]
[-101,-40,115,-15,-15,0,-128,24,23,-88,27,53,50,-64,-17,-26]
[-14,16,22,-17,-18,12,-119,37,-15,-16,35,40,41,-42,59,-48]
[49,9,-39,-34,-45,33,-58,35,-50,-6,24,32,31,-46,55,-42]
[57,20,-62,-42,-64,54,-8,28,-65,4,17,24,1,-46,51,-32]
[15,2,-36,-43,-70,63,48,18,-62,8,33,15,-42,-34,48,-29]
[-29,1,29,-45,-55,61,59,17,-62,1,15,6,-58,-20,57,-17]
[-71,5,92,-41,-26,45,31,28,-63,-12,3,-3,-52,-10,69,-15]
[-73,-26,98,-27,5,28,7,40,-43,4,28,-10,-23,4,45,-37]
[-59,-25,80,-15,27,11,9,43,-44,29,25,-24,-19,15,17,-48]
[-37,-53,66,3,55,1,1,53,7,-37,34,-31,-9,35,0,-67]
[4,-16,31,5,64,12,-16,67,21,-31,14,-31,12,31,3,-74]
[26,4,6,1,53,26,-33,81,12,-16,13,-24,26,16,5,-71]
[34,15,2,-10,38,32,-49,87,-16,-3,9,-14,34,1,25,-66]
[37,9,0,-13,33,42,-57,91,-25,2,10,-12,39,-6,23,-63]
[26,-1,-3,-13,27,52,-39,95,-23,-7,23,-15,20,-6,14,-65]
[23,-6,-10,-9,28,61,-8,91,-5,-12,34,-22,5,1,5,-88]
[23,-3,-19,-2,22,63,35,79,-13,10,48,-28,-21,2,11,-127]
[9,-19,1,0,20,55,57,66,-3,4,57,-31,-39,5,13,-128]
[-10,-5,29,-2,24,45,52,61,-8,6,45,-32,-45,7,29,-128]
[-8,-19,35,4,34,43,45,65,-2,-6,52,-33,-40,14,40,-128]
[1,-17,24,3,33,48,47,72,-3,-12,51,-34,-39,12,34,-128]
[29,-37,-16,5,24,42,33,49,22,50,56,-20,0,8,-7,-124]
[99,-38,-91,2,-4,71,49,48,42,-87,48,-8,-2,15,44,-84]
[85,51,-101,-37,-65,106,94,43,-72,81,10,1,-43,-41,41,-63]
[-14,-28,23,-31,-39,77,37,15,-18,42,16,11,-25,-30,-3,-37]
[-3,-22,0,-27,-37,55,3,4,3,15,18,23,-9,-29,-2,-28]
[-35,5,33,-27,-31,38,-13,2,-14,11,-2,23,-19,-32,13,-7]
[-79,-26,97,-13,5,18,-60,10,11,6,2,23,7,-21,0,-1]
[83,-68,-59,2,-6,25,-113,5,80,-23,27,54,102,-33,-29,-30]
[127,70,-128,-27,-97,52,-76,-19,-15,41,-29,69,67,-97,-19,-1]
[28,36,-71,-29,-118,60,-36,-30,-25,-12,2,71,-11,-96,19,17]
[-88,68,87,-45,-98,58,-32,-12,-60,-51,-32,48,-51,-76,84,39]
[-128,13,127,-23,-35,55,-8,23,-84,5,10,12,-58,-28,124,12]
[-68,-78,76,-6,-7,69,61,49,-23,-44,56,-23,-59,11,32,-22]
[12,-14,-18,-12,-8,88,117,52,-14,-14,24,-38,-65,24,21,-28]
[13,2,-26,-17,-9,99,127,51,-20,6,17,-46,-89,32,25,-25]
[-9,-10,-7,-20,-3,101,127,47,-2,-3,20,-52,-100,43,8,-28]
[-12,-2,9,-21,3,98,127,50,-11,3,13,-51,-100,45,30,-32]
[-34,-9,51,-19,22,88,127,60,-15,-3,6,-51,-88,43,35,-41]
[-40,-30,63,-11,42,78,87,69,15,-4,19,-47,-53,40,-1,-59]
[-23,-2,50,-13,38,59,42,77,-5,3,15,-36,-29,25,16,-67]
[4,1,45,-12,41,50,-10,86,-18,-13,8,-25,5,14,44,-71]
[23,-1,21,-8,35,55,-35,99,-29,-4,14,-19,21,-2,38,-70]
[25,-6,9,-4,33,68,-35,105,-21,2,19,-21,22,-7,14,-60]
[30,-2,-3,-4,30,77,-20,107,-14,-10,19,-23,12,-4,13,-54]
[28,5,-1,-8,28,88,-5,109,-18,-4,14,-25,3,-1,21,-51]
[20,-2,11,-9,31,95,-1,113,-16,0,15,-26,0,-1,18,-50]
[21,-5,9,-4,35,104,-1,116,-7,-4,13,-28,1,0,12,-51]
[23,-2,0,3,31,109,4,116,-1,-5,17,-28,-3,-6,9,-52]
[21,7,3,4,27,110,7,112,-6,15,13,-27,-4,-11,10,-48]
[5,5,20,3,28,103,7,109,-15,17,12,-27,-11,-10,15,-43]
[7,-9,27,6,36,101,-3,112,-3,-6,14,-27,-4,-5,17,-44]
[13,4,20,5,36,105,-8,117,-7,0,7,-28,0,-9,16,-41]
[22,-26,-23,6,26,83,-1,79,26,72,38,-17,28,-10,-53,-49]
[49,-32,-30,17,32,91,50,79,50,-106,28,-35,-23,30,32,-63]
[66,23,-95,-8,-25,127,127,89,-9,24,39,-38,-67,0,6,-71]
[44,0,-36,-24,-28,121,121,51,-29,76,21,-18,-47,-4,26,-56]
[35,-16,-26,-35,-42,90,58,23,-23,44,7,6,-20,-25,-1,-37]
[-28,24,23,-38,-48,59,10,11,-29,9,-11,15,-29,-36,11,-2]
[-27,-30,42,-18,-24,32,-37,6,-16,33,23,35,13,-29,44,-3]
[115,-42,-101,-15,-52,43,-70,-14,25,6,4,56,81,-57,-23,-8]
[102,54,-128,-29,-116,55,-35,-32,-37,24,-13,67,16,-100,-1,5]
[-42,39,2,-23,-101,68,20,-30,-18,-40,-4,37,-63,-67,21,17]
[-128,14,119,-4,-40,79,104,3,-39,-20,17,-14,-128,-4,83,9]
[-128,-82,127,11,32,85,127,43,27,-61,41,-48,-118,49,33,-21]
[-53,-39,86,11,61,93,96,70,48,-8,8,-56,-55,52,-10,-34]
[0,-12,11,8,52,90,82,81,38,3,11,-52,-40,41,-23,-42]
[2,-8,2,3,50,92,84,84,41,-5,12,-52,-45,42,-27,-42]
[-3,-4,8,1,55,91,83,82,42,8,8,-52,-42,46,-28,-44]
[4,-6,4,2,52,91,76,86,41,-10,8,-49,-40,43,-20,-44]
[6,11,16,-3,48,91,52,93,22,-13,-4,-42,-31,32,7,-38]
[1,9,28,-2,49,91,24,100,12,6,-1,-38,-12,21,3,-40]
[6,4,19,0,42,87,14,105,-2,2,9,-35,-8,13,6,-47]
[22,0,12,4,42,90,9,110,-6,-8,9,-34,-4,11,22,-47]
[27,1,6,3,38,98,5,115,-7,-3,7,-33,1,3,13,-42]
[21,6,10,2,36,104,1,118,-11,8,6,-32,2,-1,8,-36]
[21,-3,9,2,38,106,2,119,-7,3,10,-32,2,2,8,-35]
[23,-4,6,1,38,111,4,121,-1,-2,8,-32,0,2,2,-32]
[28,-3,3,0,38,116,-3,123,3,1,6,-28,6,-1,2,-31]
[25,6,7,0,36,119,-15,123,0,9,-3,-25,12,-9,-2,-20]
[19,3,7,7,36,120,-21,122,7,6,-1,-25,14,-11,-10,-9]
[19,5,3,10,34,121,-10,121,7,5,2,-27,9,-11,-11,-9]
[11,7,15,6,33,120,-6,121,2,0,2,-28,3,-10,-5,-15]
[14,6,20,5,35,120,-11,123,1,-2,0,-29,8,-7,4,-16]
[17,1,16,5,36,122,-11,127,-5,6,4,-28,9,-9,5,-17]
[17,-22,-20,4,26,95,-6,84,31,67,28,-19,35,-13,-77,-33]
[11,-23,36,20,54,90,-7,98,31,-96,-3,-32,-6,15,38,-36]
[16,-14,-26,25,38,127,65,124,43,7,39,-51,-33,11,-48,-62]
[56,-3,-70,7,10,127,112,92,42,20,37,-42,-40,16,-31,-66]
[76,26,-81,-22,-27,118,107,53,-13,69,9,-17,-34,-5,10,-46]
[-15,18,9,-27,-28,82,75,25,-39,68,-9,-12,-50,-16,-3,-10]
[18,-82,-14,-2,-14,53,14,4,52,1,44,20,13,-8,-24,-30]
[127,19,-128,-20,-69,60,-16,-25,19,34,-19,48,48,-60,-26,-14]
[41,70,-86,-32,-115,63,4,-33,-32,-10,-19,50,-31,-85,14,8]
[-128,46,98,-18,-63,70,72,-10,-43,-25,-2,2,-121,-28,66,17]
[-128,-70,127,6,16,76,112,39,-1,-60,50,-32,-126,38,81,-17]
[-68,-47,124,-2,55,88,62,75,27,-38,-2,-44,-46,39,21,-24]
[-5,-2,43,-4,48,88,4,100,9,5,0,-31,0,14,8,-31]
[13,3,15,-7,38,85,-13,106,-4,3,5,-25,9,3,4,-31]
[10,5,16,-10,37,85,-16,108,-7,2,4,-25,8,3,3,-28]
[7,2,17,-9,37,83,-14,107,-7,2,8,-26,7,5,4,-29]
[14,3,13,-4,38,85,-11,107,-10,3,4,-28,8,6,7,-23]
[18,2,10,3,38,89,-6,109,-10,-4,0,-30,6,5,9,-15]
[13,3,15,8,41,96,-3,112,-6,-3,-1,-34,5,5,2,-13]
[15,0,16,12,45,99,-1,115,-4,2,2,-35,5,6,2,-19]
[25,-2,10,14,46,104,-4,119,2,-6,0,-36,9,4,0,-19]
[30,5,2,13,43,111,-4,123,2,-2,-1,-34,10,0,-1,-18]
[24,4,7,10,42,115,-3,125,-1,4,2,-34,7,-2,-3,-23]
[23,-1,10,6,42,117,-8,126,4,1,4,-31,10,-2,-4,-26]
[31,0,4,5,40,119,-17,126,2,8,3,-26,17,-6,-1,-26]
[36,3,-3,3,32,123,-27,125,5,0,-2,-22,23,-14,-9,-21]
[25,13,2,1,26,122,-29,122,-4,13,-2,-18,19,-19,-4,-14]
[15,5,13,2,27,120,-28,120,-4,8,0,-19,16,-17,-4,-11]
[19,2,12,2,28,120,-23,122,-3,-8,4,-20,12,-14,3,-21]
[16,4,16,-1,29,124,-18,126,-6,-3,5,-22,7,-13,7,-31]
[19,-14,17,2,36,126,-21,127,1,11,13,-21,14,-11,2,-38]
[31,-14,7,1,34,127,-39,127,14,-1,5,-14,27,-20,-14,-37]
[5,5,-11,-3,20,95,-40,83,31,73,14,-9,40,-29,-82,-38]
[11,6,52,9,37,90,-39,106,-11,-88,-23,-18,5,-9,79,-12]
[-12,-12,40,20,45,127,-18,127,6,14,19,-36,7,-14,-19,-31]
[27,-16,-25,20,37,127,36,122,30,21,33,-44,-6,5,-45,-46]
[62,6,-83,0,1,126,99,89,19,21,32,-39,-35,9,-30,-48]
[29,13,-32,-20,-12,96,96,53,-29,75,14,-19,-41,-1,14,-38]
[93,-59,-75,-14,-21,74,14,15,40,29,24,20,42,-21,-33,-51]
[127,43,-128,-32,-95,71,-8,-17,-13,42,-12,51,27,-80,-17,-29]
[-42,73,-2,-31,-96,69,32,-21,-46,-7,-20,27,-77,-66,26,14]
[-128,-22,127,1,-7,64,82,16,-19,-35,27,-18,-128,13,74,9]
[-107,-82,127,11,56,78,61,64,54,-86,20,-39,-61,50,27,-14]
[3,8,43,-4,49,93,15,96,9,2,-17,-32,-4,20,25,-17]
[14,1,15,-5,37,98,-11,110,0,1,-2,-26,10,2,-3,-18]
[11,10,12,-6,34,97,-12,112,-5,0,0,-26,6,0,1,-16]
[6,4,18,-5,37,97,-4,113,-9,6,5,-29,2,5,6,-16]
[7,-4,18,-2,41,95,-1,111,-2,4,5,-32,4,7,-4,-17]
[12,1,14,3,42,94,-2,110,-1,4,2,-32,5,6,-5,-17]
[13,3,14,8,43,93,-4,110,0,-1,0,-33,6,5,-2,-15]
[15,2,16,12,45,96,-7,114,0,-1,0,-34,9,3,1,-15]
[21,2,13,13,45,100,-13,118,2,-4,0,-33,14,-1,-1,-17]
[27,7,8,12,43,105,-18,122,-2,1,-2,-31,17,-5,2,-17]
[31,3,3,11,40,112,-18,126,-2,-4,2,-29,17,-7,3,-20]
[32,1,4,8,38,118,-21,127,-2,0,2,-26,19,-11,1,-26]
[30,2,6,6,36,123,-30,127,1,5,2,-23,22,-15,-5,-28]
[31,7,0,4,28,125,-32,127,2,-5,2,-20,21,-20,-3,-26]
[27,19,0,2,22,127,-21,127,-12,8,1,-22,12,-20,10,-20]
[16,6,8,1,20,127,-2,125,-15,5,9,-25,-1,-15,10,-20]
[13,5,16,0,22,127,8,125,-18,0,6,-29,-7,-10,15,-22]
[27,-8,10,2,26,127,6,127,-15,-1,11,-27,0,-9,25,-32]
[34,-12,8,2,28,127,-11,127,-9,8,5,-21,12,-19,8,-35]
[37,-7,2,1,22,127,-43,127,9,-1,2,-10,31,-32,-10,-33]
[39,26,-7,-4,7,127,-59,127,-9,8,-7,-2,33,-45,8,-19]
[-19,8,9,-6,2,100,-32,82,-12,99,23,-3,24,-41,-47,-20]
[15,7,41,9,31,97,-20,106,-11,-95,-21,-20,-7,-7,82,-7]
[-16,-5,55,16,44,127,-18,127,-2,10,8,-34,5,-16,-3,-20]
[3,-12,23,15,47,127,1,127,10,24,20,-40,5,-4,-26,-38]
[26,-11,-25,9,37,125,47,116,23,23,30,-45,-14,11,-43,-52]
[51,-3,-61,-10,6,109,74,88,23,7,34,-30,-23,9,-23,-59]
[127,-11,-128,-20,-33,106,54,41,12,66,31,13,31,-18,8,-71]
[126,48,-128,-44,-105,101,49,-1,-50,57,-15,34,-9,-79,-10,-32]
[-112,51,88,-26,-67,76,50,-2,-60,10,-17,7,-103,-49,32,10]
[-128,-73,127,14,29,59,30,38,27,-71,37,-17,-82,24,54,-10]
[-44,-32,104,12,58,78,-2,78,33,-37,-8,-30,-6,26,23,-14]
[17,5,11,2,35,93,-10,105,6,-18,-1,-26,6,3,7,-17]
[21,7,6,-2,34,102,-7,111,-7,12,1,-25,9,0,7,-14]
[7,4,18,-3,36,102,-6,111,-6,5,-4,-29,3,0,-9,-10]
[-1,-1,24,1,42,99,-6,114,6,-6,4,-31,1,7,-6,-13]
[12,4,14,0,42,98,-2,113,0,5,2,-32,6,8,0,-15]
[17,5,11,0,39,97,-5,113,-6,6,0,-31,9,3,-1,-14]
[17,3,13,2,40,95,-11,113,-6,2,1,-29,10,1,2,-15]
[19,3,12,4,40,98,-17,117,-4,-4,1,-28,14,-2,3,-16]
[23,6,8,4,39,103,-19,120,-5,-1,0,-28,15,-5,4,-17]
[27,2,5,5,38,109,-19,123,-5,2,4,-26,16,-7,4,-19]
[29,8,4,3,34,117,-19,127,-4,-12,-2,-27,13,-10,4,-18]
[32,11,0,4,29,126,-15,127,-9,-7,3,-26,11,-13,17,-22]
[35,8,-1,2,24,127,-10,127,-19,9,4,-24,11,-18,17,-23]
[26,5,6,3,24,127,-6,127,-18,11,2,-27,6,-19,7,-20]
[8,-1,18,7,29,127,5,127,-7,3,8,-32,-7,-12,-2,-21]
[3,-2,23,9,36,127,18,127,3,-4,9,-38,-14,-1,-1,-24]
[18,-8,15,11,42,127,24,127,2,4,12,-39,-11,3,9,-35]
[49,-19,-7,10,38,127,6,127,16,-7,9,-29,11,-8,-2,-43]
[55,19,-18,0,18,127,-24,127,3,0,-8,-17,22,-33,-2,-33]
[27,37,-4,-2,4,127,-25,127,-16,14,-5,-16,10,-39,12,-15]
[9,9,7,3,4,127,13,127,-29,27,15,-23,-14,-25,23,-4]
[-23,-29,15,-3,8,109,35,78,-1,83,31,-21,-5,-16,-56,-12]
[16,3,38,10,33,98,-14,106,-5,-98,-19,-22,-10,-2,77,-6]
[-9,-3,48,14,44,127,-14,127,0,5,5,-34,3,-14,2,-17]
[4,-3,31,9,45,127,-13,127,2,13,9,-35,9,-11,-10,-29]
[12,-3,12,1,43,127,-2,127,3,24,17,-35,6,-3,-18,-43]
[32,-7,-30,-4,32,121,33,115,22,18,27,-38,-6,9,-37,-53]
[127,-12,-128,-9,-22,127,91,76,45,-3,51,-19,-6,4,-27,-70]
[127,60,-128,-33,-86,127,127,29,-67,93,5,4,-52,-40,44,-42]
[-109,47,113,-33,-54,96,94,22,-85,14,-39,-17,-114,-37,34,15]
[-128,-75,127,20,41,70,12,58,25,-57,34,-21,-49,23,61,-17]
[-6,-14,58,10,37,85,0,90,-6,-15,-6,-28,-1,5,31,-16]
[14,-7,19,6,35,96,-8,107,-5,-4,3,-27,6,-1,5,-17]
[23,-9,3,3,34,104,-9,111,7,-6,7,-25,11,-1,-8,-20]
[14,14,15,-2,33,103,-16,111,-8,13,-7,-24,10,-7,-1,-15]
[-1,-5,32,4,43,99,-25,113,4,2,2,-26,13,-1,-8,-17]
[6,1,18,4,43,97,-20,114,10,-6,3,-29,12,2,-14,-17]
[13,9,10,1,40,98,-8,115,1,3,3,-30,7,5,-1,-15]
[18,7,8,-3,38,100,-2,115,-6,0,0,-31,5,5,5,-12]
[24,4,6,-2,37,104,-4,118,-9,1,0,-30,8,2,8,-13]
[25,2,5,-3,36,109,-8,121,-8,0,-1,-28,10,-2,3,-14]
[26,4,3,-2,34,115,-13,124,-3,-6,0,-27,11,-5,1,-15]
[24,10,7,2,35,123,-10,127,-12,2,-2,-28,6,-7,13,-14]
[20,-4,10,9,39,127,-2,127,3,-9,4,-33,3,-5,-2,-17]
[27,4,-1,11,35,127,9,127,7,-3,4,-35,-1,-6,-5,-17]
[22,14,6,7,31,127,15,127,-6,8,-2,-35,-7,-8,6,-13]
[10,2,24,7,36,127,11,127,-8,10,1,-35,-6,-6,7,-13]
[12,-9,27,10,45,127,0,127,1,6,3,-35,2,-4,-1,-20]
[40,-17,3,12,43,127,-21,127,17,-12,7,-25,22,-12,-4,-34]
[61,25,-24,3,22,127,-34,127,7,-14,-11,-19,27,-31,-1,-30]
[32,39,-13,1,7,127,-7,127,-25,17,2,-23,-3,-33,23,-19]
[-23,9,33,6,19,127,46,127,-26,26,11,-45,-40,-9,4,-1]
[-7,-41,27,15,40,127,68,127,11,15,29,-47,-32,17,-7,-7]
[16,-16,-17,-3,25,107,49,77,27,77,10,-31,7,0,-78,-16]
[15,6,39,6,33,95,-28,103,1,-99,-27,-18,-3,-7,62,-3]
[-12,2,46,14,43,127,-26,127,8,-2,5,-30,6,-14,2,-9]
[12,0,25,9,44,127,-15,127,-1,11,6,-33,10,-10,0,-16]
[15,3,16,-3,40,127,-11,127,-2,10,5,-33,9,-9,-12,-24]
[11,-1,8,-5,42,127,3,127,2,29,15,-35,3,1,-19,-36]
[57,-14,-76,7,26,127,71,103,47,7,33,-47,-17,20,-60,-49]
[95,21,-128,-2,-35,127,127,70,13,-1,41,-38,-74,11,-3,-49]
[-48,73,59,-19,-20,116,127,55,-95,76,-35,-45,-118,0,74,2]
[-90,-74,127,21,52,92,54,75,25,-51,11,-47,-44,32,17,-12]
[7,6,28,16,36,97,32,101,-7,-10,-2,-41,-17,11,28,-15]
[22,0,13,7,33,105,23,111,-17,2,2,-37,-6,6,21,-14]
[35,-1,-2,2,30,111,11,113,-12,4,-1,-31,6,0,7,-15]
[27,7,2,-1,23,109,0,112,-21,10,-1,-25,5,-10,10,-16]
[11,0,24,1,30,105,-20,112,-13,6,-2,-22,13,-11,6,-16]
[3,2,29,2,36,100,-27,113,-9,10,0,-24,14,-9,-3,-15]
[5,-11,22,4,42,98,-21,115,5,2,10,-26,13,0,-10,-18]
[18,-5,9,2,45,99,-17,114,10,1,2,-27,14,3,-13,-18]
[25,3,2,0,42,104,-20,116,14,-7,-2,-25,16,1,-12,-17]
[25,12,2,-2,37,110,-20,120,5,-3,-3,-24,14,-3,-2,-16]
[20,8,6,-1,36,116,-15,123,1,2,-1,-26,10,-4,0,-14]
[18,5,11,2,35,122,-11,127,-1,-8,-1,-28,5,-5,4,-11]
[16,10,17,6,38,127,-11,127,-3,-1,-6,-31,7,-7,5,-5]
[15,5,13,11,39,127,-2,127,-2,4,0,-35,3,-5,-2,-4]
[19,-2,8,13,40,127,10,127,0,6,3,-37,-1,-2,-3,-6]
[29,-8,7,12,42,127,-1,127,6,8,-1,-31,11,-5,-7,-10]
[43,-2,2,9,38,127,-36,127,8,4,-8,-19,31,-20,-7,-15]
[57,13,-15,6,25,127,-63,127,10,-13,-12,-9,44,-37,-4,-16]
[33,28,-7,9,18,127,-42,127,-12,14,-6,-15,16,-40,7,-12]
[-17,-9,34,17,33,127,1,127,9,0,14,-34,-16,-17,-19,-13]
[-53,-1,73,17,56,127,27,127,20,14,6,-52,-31,8,-31,-9]
[6,-27,23,18,61,127,23,127,47,-3,21,-45,2,24,-24,-23]
[53,10,-57,-5,22,98,27,82,13,96,11,-25,27,-4,-61,-29]
[19,18,35,-1,23,94,-24,100,-24,-73,-28,-14,-4,-12,83,2]
[-23,-11,58,10,41,127,-24,127,1,-1,4,-31,4,-14,-7,2]
[12,-8,22,9,44,127,-15,127,8,0,7,-31,11,-6,-3,-5]
[21,11,10,-4,39,127,-10,127,-5,12,-6,-32,9,-8,-7,-7]
[8,0,18,-4,40,127,-10,127,2,11,7,-30,8,-4,-14,-20]
[9,-3,4,6,46,124,16,121,11,36,12,-41,-2,7,-33,-32]
[32,-21,-49,22,36,124,83,100,49,-4,34,-54,-34,25,-59,-45]
[-9,25,7,10,23,110,111,91,-3,7,8,-50,-74,20,10,-30]
[-29,2,83,18,62,100,44,94,14,7,-21,-52,-22,28,15,-14]
[1,-8,29,24,53,97,26,111,8,-9,7,-48,-13,18,1,-19]
[25,-4,3,19,50,106,31,117,13,-6,5,-47,-6,18,-5,-19]
[36,16,-12,10,39,113,32,116,1,2,-6,-44,-6,11,-2,-13]
[29,15,-7,7,30,115,35,116,-11,3,-1,-40,-12,7,11,-10]
[25,10,4,4,28,116,30,114,-20,8,-3,-37,-9,3,18,-8]
[14,3,19,1,29,110,15,113,-24,17,-2,-33,-3,-2,12,-7]
[16,-8,19,-1,33,103,-8,112,-10,7,1,-27,11,-2,1,-9]
[29,4,4,-5,29,100,-24,112,-11,3,-4,-20,20,-8,4,-9]
[30,5,1,-3,27,103,-32,113,-12,5,-4,-16,23,-13,6,-10]
[27,-5,4,0,30,108,-35,115,-4,1,0,-15,23,-15,-2,-13]
[17,1,12,1,32,113,-38,118,6,-2,-4,-17,21,-16,-13,-12]
[6,11,21,4,35,117,-35,122,7,-6,-5,-22,14,-12,-6,-6]
[3,7,24,10,39,120,-19,127,2,0,0,-28,7,-6,2,-2]
[7,0,23,12,44,123,-7,127,3,4,-1,-34,6,-2,-7,0]
[27,-8,6,13,45,124,-12,127,11,3,1,-30,17,-3,-10,-6]
[56,0,-20,9,33,126,-32,125,11,6,-6,-17,36,-18,-10,-10]
[73,10,-35,3,15,127,-61,122,0,9,-11,1,50,-41,-1,-9]
[49,25,-18,2,5,127,-70,124,-9,5,-19,2,38,-54,-2,2]
[-6,16,29,6,11,127,-52,127,-5,-14,-3,-8,8,-44,3,5]
[-38,13,69,8,31,127,-31,127,-5,-5,-2,-25,-5,-24,9,5]
[-44,-8,82,11,52,127,-20,127,-12,24,11,-35,-2,-6,6,-9]
[5,-20,29,11,56,126,-13,127,24,-6,9,-43,17,8,-34,-20]
[52,-14,-67,3,24,93,21,89,19,86,42,-22,27,-1,-54,-43]
[18,2,27,2,25,93,-5,96,-7,-82,-15,-17,-13,-2,72,-3]
[-22,1,58,5,41,127,-16,127,-1,16,-7,-31,3,-11,-9,5]
[7,-8,25,7,44,127,-20,127,13,-5,3,-30,13,-3,-10,3]
[23,14,5,-3,37,127,-9,127,-6,6,-7,-30,8,-5,1,2]
[13,3,15,0,40,127,-9,127,-2,5,-1,-31,9,-4,-7,-8]
[5,7,21,2,37,121,-9,127,-7,15,2,-31,6,-6,-9,-18]
[4,-1,19,11,44,111,3,118,0,24,8,-38,3,3,-15,-25]
[6,-6,12,14,39,101,19,113,4,-8,14,-39,-11,7,-9,-27]
[-1,15,37,13,49,97,11,113,-8,8,-7,-42,-6,8,11,-17]
[-1,-4,37,18,56,95,1,120,0,-3,3,-43,2,12,3,-15]
[26,-4,7,18,54,100,4,123,4,0,4,-43,10,12,-5,-16]
[27,10,-2,15,49,105,16,121,-2,7,-3,-46,0,11,-11,-13]
[19,-4,3,19,53,108,27,120,11,0,6,-48,-6,18,-14,-15]
[21,10,0,16,48,112,38,118,11,-5,-4,-51,-13,18,-14,-11]
[15,16,4,11,42,110,43,117,1,4,-1,-49,-16,18,1,-8]
[28,8,-2,5,37,109,40,112,-11,15,-1,-43,-9,16,9,-5]
[41,5,-14,0,28,108,31,108,-18,10,-5,-36,-2,7,9,-3]
[42,1,-12,0,23,110,13,107,-15,2,-5,-27,5,-3,9,-5]
[43,4,-9,-1,17,114,-11,108,-13,0,-8,-17,16,-16,11,-7]
[23,17,9,-3,14,116,-28,111,-21,8,-12,-14,16,-26,9,-2]
[-8,5,37,3,25,114,-28,115,-17,6,-3,-20,6,-18,7,1]
[-7,-13,37,9,38,112,-21,119,1,-3,6,-26,8,-6,-3,-2]
[7,3,24,8,40,112,-19,121,2,-2,-6,-29,12,-5,-8,2]
[38,-3,-6,9,36,114,-24,121,5,3,3,-21,27,-8,1,-6]
[73,8,-43,2,15,123,-29,115,-3,7,-6,-11,36,-26,-3,-6]
[78,17,-55,-3,-8,127,-34,109,-11,5,-8,1,33,-43,5,-1]
[35,32,-12,-7,-15,127,-31,109,-33,10,-17,1,10,-52,21,17]
[-30,13,57,0,6,127,-24,119,-23,-11,-11,-14,-12,-35,19,23]
[-54,-7,86,11,37,127,-6,127,-9,-5,4,-33,-20,-9,13,12]
[-23,-23,63,13,52,127,-7,127,9,-8,11,-37,1,2,-2,-7]
[1,13,37,8,56,126,-9,127,-6,30,-10,-44,10,2,-16,-9]
[39,-50,-49,12,37,91,8,91,50,56,54,-24,38,5,-81,-45]
[12,-9,18,10,29,58,-47,58,24,-48,-39,0,20,-7,13,77]
[-10,15,26,15,38,85,-71,82,23,26,-43,0,36,-19,-36,98]
[1,0,17,17,46,77,-83,82,39,9,-37,0,48,-13,-47,91]
[13,11,-3,15,42,77,-81,84,38,3,-38,1,45,-14,-45,88]
[12,15,0,19,44,78,-82,84,39,8,-41,0,47,-15,-44,87]
[5,14,5,23,45,74,-81,81,36,17,-37,-1,45,-18,-47,81]
[-1,9,14,25,48,64,-83,78,38,16,-32,-1,46,-17,-49,72]
[5,7,11,27,51,57,-87,75,42,12,-31,-1,50,-14,-47,65]
[1,9,15,27,53,52,-90,76,38,11,-31,-1,48,-14,-44,64]
[-1,2,22,29,62,50,-103,78,49,8,-33,-2,58,-11,-51,64]
[16,7,1,30,60,51,-106,80,54,3,-31,0,64,-12,-56,62]
[14,17,-1,27,56,51,-101,80,42,13,-34,0,58,-15,-49,64]
[12,7,5,28,58,52,-103,79,51,4,-32,0,61,-12,-54,64]
[10,13,4,30,60,53,-97,79,45,18,-34,-3,56,-12,-53,65]
[1,-4,8,35,67,52,-87,77,64,9,-26,-8,51,-3,-73,59]
[16,2,-11,35,65,53,-76,73,76,2,-26,-9,50,1,-77,54]
[31,21,-28,28,52,57,-65,69,64,3,-32,-6,45,-2,-57,56]
[36,27,-32,23,38,64,-58,67,47,2,-35,-3,40,-9,-39,63]
[37,28,-32,20,24,73,-50,66,31,5,-36,0,33,-17,-26,72]
[16,25,-10,17,20,77,-42,66,13,18,-37,0,22,-21,-19,81]
[-10,6,25,18,31,73,-52,68,19,12,-35,-2,24,-16,-26,83]
[-4,1,23,20,40,68,-72,71,33,5,-35,0,40,-14,-36,80]
[5,12,11,20,41,64,-80,74,27,15,-36,1,45,-17,-36,78]
[27,4,-17,21,35,68,-78,73,45,-8,-29,2,50,-16,-45,74]
[52,33,-53,15,14,80,-54,69,25,7,-35,4,39,-23,-26,78]
[47,31,-55,11,-3,93,-21,63,11,10,-33,2,17,-25,-16,87]
[16,26,-19,8,-5,99,0,61,-5,14,-37,-1,-6,-23,-3,100]
[-29,5,45,13,22,95,-16,67,2,17,-44,-7,-4,-14,-8,108]
[-41,-17,68,23,51,85,-57,80,36,1,-41,-7,22,-8,-38,103]
[-4,-3,28,27,59,80,-92,87,57,1,-41,-3,54,-11,-55,91]
[0,22,15,22,53,70,-99,89,32,28,-42,1,53,-20,-47,85]
[26,-7,-39,19,40,52,-81,59,85,14,-6,1,70,-12,-110,40]

