mkdir -p bareMetalC
mkdir -p imagenet
mkdir -p transformers
mkdir -p mlps
make -C imagenet -f /home/michael/chipyard/generators/gemmini/software/gemmini-rocc-tests/build/../imagenet/Makefile abs_top_srcdir=/home/michael/chipyard/generators/gemmini/software/gemmini-rocc-tests/build/.. XLEN=64 PREFIX=examples-imagenet src_dir=/home/michael/chipyard/generators/gemmini/software/gemmini-rocc-tests/build/../imagenet RISCVTOOLS=@RISCVTOOLS@
make -C bareMetalC -f /home/michael/chipyard/generators/gemmini/software/gemmini-rocc-tests/build/../bareMetalC/Makefile abs_top_srcdir=/home/michael/chipyard/generators/gemmini/software/gemmini-rocc-tests/build/.. XLEN=64 PREFIX=examples-bareMetalC src_dir=/home/michael/chipyard/generators/gemmini/software/gemmini-rocc-tests/build/../bareMetalC RISCVTOOLS=@RISCVTOOLS@
make -C transformers -f /home/michael/chipyard/generators/gemmini/software/gemmini-rocc-tests/build/../transformers/Makefile abs_top_srcdir=/home/michael/chipyard/generators/gemmini/software/gemmini-rocc-tests/build/.. XLEN=64 PREFIX=examples-transformers src_dir=/home/michael/chipyard/generators/gemmini/software/gemmini-rocc-tests/build/../transformers RISCVTOOLS=@RISCVTOOLS@
make -C mlps -f /home/michael/chipyard/generators/gemmini/software/gemmini-rocc-tests/build/../mlps/Makefile abs_top_srcdir=/home/michael/chipyard/generators/gemmini/software/gemmini-rocc-tests/build/.. XLEN=64 PREFIX=examples-mlps src_dir=/home/michael/chipyard/generators/gemmini/software/gemmini-rocc-tests/build/../mlps RISCVTOOLS=@RISCVTOOLS@
make[1]: Entering directory '/home/michael/chipyard/generators/gemmini/software/gemmini-rocc-tests/build/imagenet'
make[1]: Entering directory '/home/michael/chipyard/generators/gemmini/software/gemmini-rocc-tests/build/bareMetalC'
make[1]: Entering directory '/home/michael/chipyard/generators/gemmini/software/gemmini-rocc-tests/build/transformers'
make[1]: Entering directory '/home/michael/chipyard/generators/gemmini/software/gemmini-rocc-tests/build/mlps'
make[1]: Nothing to be done for 'default'.
make[1]: Leaving directory '/home/michael/chipyard/generators/gemmini/software/gemmini-rocc-tests/build/transformers'
make[1]: Nothing to be done for 'default'.
make[1]: Leaving directory '/home/michael/chipyard/generators/gemmini/software/gemmini-rocc-tests/build/imagenet'
make[1]: Nothing to be done for 'default'.
make[1]: Leaving directory '/home/michael/chipyard/generators/gemmini/software/gemmini-rocc-tests/build/mlps'
make[1]: Nothing to be done for 'default'.
make[1]: Leaving directory '/home/michael/chipyard/generators/gemmini/software/gemmini-rocc-tests/build/bareMetalC'
Input dimensions (rows by columns): 32 by 32
Output dimensions (rows by columns): 32 by 32

Flatten weights...
Gemmini conv...
Gemmini conv took 5803 cycles
input:
[[[31,-11,-58,],[32,-12,-60,],[38,-7,-56,],[39,-5,-54,],[33,-11,-61,],[29,-13,-65,],[35,-8,-60,],[32,-10,-62,],[31,-12,-63,],[32,-10,-65,],[34,-7,-65,],[33,-12,-55,],[34,-12,-58,],[39,-6,-65,],[41,-6,-62,],[42,-4,-63,],[40,-6,-66,],[35,-10,-68,],[33,-12,-67,],[33,-11,-63,],[29,-13,-63,],[22,-15,-62,],[23,-15,-62,],[22,-16,-63,],[22,-15,-63,],[17,-21,-67,],[14,-24,-63,],[15,-25,-65,],[17,-25,-68,],[11,-27,-70,],[1,-31,-70,],[-9,-37,-72,],],
[[25,-11,-56,],[24,-12,-66,],[32,-9,-62,],[39,-7,-52,],[35,-11,-58,],[33,-10,-63,],[37,-6,-60,],[35,-9,-62,],[36,-7,-61,],[29,-12,-68,],[28,-12,-65,],[32,-12,-54,],[36,-10,-55,],[42,-4,-65,],[43,-6,-66,],[43,-8,-72,],[41,-8,-75,],[33,-12,-72,],[27,-11,-65,],[24,-8,-57,],[19,-12,-54,],[13,-18,-53,],[14,-20,-55,],[15,-22,-59,],[22,-17,-57,],[21,-20,-61,],[19,-20,-62,],[16,-25,-68,],[17,-24,-71,],[10,-27,-74,],[0,-31,-73,],[-6,-34,-71,],],
[[24,-12,-60,],[24,-13,-72,],[31,-12,-70,],[40,-12,-59,],[33,-16,-64,],[36,-8,-63,],[38,-6,-62,],[38,-6,-62,],[36,-8,-63,],[35,-8,-63,],[31,-9,-59,],[30,-13,-51,],[34,-12,-56,],[39,-8,-68,],[40,-9,-69,],[41,-10,-71,],[42,-7,-67,],[32,-9,-60,],[19,-12,-54,],[-4,-26,-58,],[-15,-32,-55,],[-26,-43,-57,],[-23,-44,-60,],[-11,-37,-57,],[-5,-36,-59,],[8,-26,-53,],[17,-19,-56,],[14,-23,-67,],[16,-23,-71,],[13,-24,-71,],[4,-27,-71,],[-5,-33,-72,],],
[[28,-15,-66,],[28,-12,-73,],[33,-13,-74,],[46,-11,-63,],[40,-12,-63,],[40,-6,-61,],[41,-3,-59,],[41,-4,-59,],[38,-8,-63,],[38,-6,-62,],[40,0,-51,],[62,22,-17,],[49,7,-35,],[30,-12,-65,],[35,-8,-60,],[37,-9,-54,],[31,-11,-50,],[22,-12,-42,],[-20,-41,-60,],[-21,-35,-44,],[-26,-32,-34,],[-32,-32,-27,],[-43,-46,-43,],[-49,-58,-57,],[-37,-51,-55,],[-40,-59,-67,],[-12,-37,-62,],[6,-24,-61,],[14,-20,-63,],[14,-21,-67,],[10,-23,-67,],[2,-28,-70,],],
[[28,-15,-65,],[29,-9,-59,],[34,-8,-58,],[42,-9,-60,],[41,-9,-63,],[36,-10,-66,],[41,-3,-60,],[39,-7,-63,],[37,-10,-65,],[37,-7,-64,],[45,5,-49,],[114,88,45,],[66,32,-6,],[24,-9,-52,],[20,-12,-48,],[16,-14,-38,],[-14,-41,-57,],[-45,-67,-74,],[-38,-52,-52,],[-12,-19,-14,],[-13,-12,-3,],[-18,-9,4,],[-27,-20,-8,],[-31,-28,-19,],[-49,-49,-42,],[-39,-43,-39,],[-38,-48,-60,],[-19,-38,-62,],[3,-26,-59,],[12,-21,-61,],[7,-28,-70,],[4,-29,-70,],],
[[22,-13,-54,],[7,-18,-45,],[4,-22,-51,],[21,-11,-54,],[34,-8,-63,],[38,-10,-67,],[40,-7,-65,],[40,-8,-65,],[36,-12,-69,],[38,-7,-67,],[36,-5,-64,],[52,14,-26,],[30,-1,-32,],[3,-20,-50,],[-27,-46,-63,],[-56,-70,-74,],[-53,-62,-63,],[-56,-64,-62,],[-34,-38,-34,],[-7,-10,-3,],[-3,-2,5,],[-6,-1,7,],[-11,-7,2,],[-30,-26,-16,],[-25,-22,-15,],[-33,-31,-25,],[-64,-62,-60,],[-55,-62,-69,],[-16,-37,-58,],[14,-17,-50,],[12,-24,-63,],[8,-27,-66,],],
[[2,-22,-51,],[-15,-27,-30,],[-74,-83,-87,],[-35,-47,-77,],[26,-6,-59,],[42,-5,-63,],[40,-8,-66,],[42,-5,-63,],[41,-6,-64,],[39,-7,-69,],[37,-3,-67,],[21,-15,-55,],[4,-24,-49,],[2,-14,-35,],[-24,-35,-39,],[-54,-54,-51,],[-45,-38,-37,],[-51,-46,-45,],[-40,-37,-36,],[6,7,6,],[20,18,16,],[-1,-5,-5,],[-19,-23,-21,],[-17,-20,-18,],[-10,-12,-10,],[-38,-38,-33,],[-59,-50,-40,],[-75,-73,-67,],[-44,-60,-70,],[6,-24,-50,],[15,-23,-59,],[8,-29,-67,],],
[[5,-8,-21,],[-25,-26,-20,],[-79,-77,-68,],[-52,-57,-65,],[17,-12,-52,],[40,-6,-64,],[38,-9,-70,],[40,-7,-67,],[43,-4,-58,],[34,-10,-56,],[14,-13,-56,],[-5,-28,-58,],[4,-12,-33,],[18,8,-6,],[-9,-16,-19,],[-35,-35,-31,],[-33,-27,-23,],[-38,-34,-29,],[-46,-44,-40,],[-1,-5,-6,],[36,29,23,],[10,1,-2,],[-22,-29,-29,],[-18,-24,-23,],[-24,-29,-27,],[-38,-40,-36,],[-68,-61,-50,],[-72,-67,-58,],[-65,-73,-73,],[-17,-38,-57,],[12,-19,-56,],[10,-25,-67,],],
[[42,37,27,],[-21,-17,-8,],[-68,-62,-49,],[-1,-2,-1,],[26,1,-29,],[34,-10,-63,],[36,-6,-65,],[39,-1,-57,],[38,-2,-43,],[46,12,-17,],[-12,-33,-49,],[0,-17,-32,],[30,17,6,],[29,19,13,],[-4,-12,-12,],[-37,-41,-36,],[-41,-40,-33,],[-39,-37,-29,],[-43,-43,-37,],[-42,-50,-47,],[12,2,-2,],[20,12,8,],[-12,-19,-19,],[-36,-42,-39,],[-40,-44,-40,],[-37,-39,-34,],[-51,-48,-42,],[-66,-63,-54,],[-81,-85,-78,],[-49,-62,-71,],[7,-16,-49,],[11,-19,-62,],],
[[52,51,44,],[8,15,26,],[-30,-22,-8,],[27,30,31,],[46,25,-2,],[31,-7,-56,],[29,-7,-60,],[26,-5,-48,],[77,55,29,],[106,88,75,],[77,55,47,],[29,8,5,],[46,29,28,],[22,8,10,],[0,-12,-6,],[-31,-37,-31,],[-37,-37,-31,],[-49,-47,-38,],[-63,-63,-54,],[-47,-53,-50,],[11,2,-2,],[17,10,7,],[7,1,0,],[-18,-24,-22,],[-37,-40,-36,],[-36,-37,-32,],[-39,-37,-32,],[-48,-45,-38,],[-71,-71,-63,],[-81,-89,-89,],[-29,-46,-63,],[6,-19,-51,],],
[[55,58,55,],[-16,-7,7,],[16,27,40,],[38,44,48,],[49,32,7,],[28,-11,-57,],[32,-5,-56,],[-3,-33,-60,],[83,71,58,],[106,97,100,],[90,65,66,],[37,12,15,],[55,35,37,],[29,14,16,],[0,-14,-9,],[-5,-12,-9,],[-45,-45,-40,],[-43,-41,-33,],[-76,-76,-66,],[-33,-37,-33,],[47,40,36,],[30,23,21,],[28,23,22,],[-17,-22,-20,],[-36,-38,-33,],[-21,-20,-16,],[-35,-34,-31,],[-45,-42,-37,],[-63,-62,-49,],[-80,-84,-72,],[-63,-74,-74,],[-20,-40,-61,],],
[[59,65,67,],[-24,-14,2,],[9,20,35,],[42,50,57,],[58,42,20,],[39,-3,-49,],[45,0,-53,],[8,-29,-63,],[-8,-27,-30,],[65,57,66,],[70,46,45,],[42,18,17,],[57,37,33,],[60,46,40,],[8,-4,-7,],[-8,-15,-17,],[-22,-24,-22,],[-39,-37,-31,],[-83,-82,-71,],[0,-2,-1,],[80,75,70,],[33,28,25,],[20,15,14,],[-31,-33,-29,],[-40,-41,-35,],[-30,-29,-23,],[-20,-18,-18,],[-38,-35,-29,],[-50,-46,-32,],[-67,-67,-53,],[-60,-65,-59,],[-47,-64,-79,],],
[[60,68,72,],[-33,-26,-8,],[2,11,27,],[47,55,64,],[46,32,17,],[39,0,-41,],[50,0,-54,],[32,-13,-60,],[-27,-53,-63,],[40,30,34,],[40,20,11,],[11,-9,-18,],[58,41,31,],[86,76,62,],[33,25,14,],[-2,-10,-14,],[-5,-9,-8,],[-10,-9,-4,],[-71,-70,-60,],[23,23,23,],[65,62,57,],[28,25,23,],[-2,-5,-3,],[-33,-34,-28,],[-39,-38,-31,],[-39,-37,-30,],[-29,-27,-26,],[-37,-35,-29,],[-39,-35,-22,],[-50,-48,-37,],[-44,-47,-45,],[-50,-65,-80,],],
[[60,66,71,],[-31,-27,-10,],[25,30,44,],[57,63,70,],[-6,-12,-14,],[10,-16,-43,],[45,1,-50,],[40,-7,-57,],[-21,-49,-67,],[21,9,5,],[19,2,-10,],[40,25,12,],[60,49,37,],[95,89,77,],[52,47,39,],[15,8,3,],[1,-6,-6,],[-8,-9,-4,],[-51,-50,-41,],[27,28,30,],[58,56,54,],[22,20,20,],[-11,-12,-9,],[-36,-37,-30,],[-43,-41,-34,],[-51,-48,-39,],[-43,-41,-37,],[-25,-22,-18,],[-24,-21,-13,],[-33,-34,-29,],[-27,-33,-40,],[-30,-48,-71,],],
[[65,70,74,],[-16,-15,-2,],[40,42,52,],[58,61,66,],[-19,-13,-4,],[-25,-33,-42,],[29,-4,-46,],[40,-1,-53,],[-24,-47,-71,],[-10,-16,-23,],[12,0,-10,],[69,60,49,],[61,55,49,],[44,40,40,],[19,16,23,],[27,19,18,],[20,13,10,],[-21,-22,-17,],[-51,-50,-39,],[25,28,31,],[51,50,50,],[11,10,12,],[4,5,7,],[-15,-13,-8,],[-38,-36,-28,],[-33,-29,-20,],[-29,-26,-21,],[-15,-12,-9,],[-10,-7,-3,],[-24,-26,-30,],[-27,-37,-54,],[-8,-27,-60,],],
[[68,71,74,],[6,6,20,],[44,42,54,],[56,53,60,],[4,14,25,],[-45,-38,-33,],[14,-3,-23,],[28,2,-33,],[-10,-28,-55,],[4,-3,-19,],[17,8,2,],[99,94,87,],[111,109,104,],[19,14,21,],[9,7,14,],[5,-2,-2,],[-4,-11,-12,],[-16,-18,-17,],[-29,-34,-35,],[18,11,4,],[40,35,29,],[25,23,22,],[-13,-14,-12,],[-36,-37,-30,],[-51,-49,-41,],[-36,-34,-24,],[-19,-18,-13,],[-13,-13,-13,],[-5,-12,-19,],[-21,-36,-54,],[-4,-26,-59,],[10,-18,-59,],],
[[74,77,81,],[20,22,41,],[40,39,57,],[62,57,66,],[40,45,52,],[-45,-36,-21,],[1,2,11,],[12,3,-1,],[12,-2,-29,],[-28,-41,-69,],[27,19,17,],[45,39,37,],[35,28,24,],[14,9,3,],[-12,-16,-23,],[-12,-16,-21,],[-23,-21,-20,],[-19,-21,-24,],[-13,-32,-50,],[43,19,-9,],[29,14,-4,],[22,17,11,],[9,7,4,],[-15,-17,-15,],[-45,-45,-37,],[-44,-42,-33,],[-30,-29,-18,],[-23,-31,-29,],[-17,-38,-53,],[0,-34,-62,],[24,-14,-53,],[18,-18,-61,],],
[[84,89,91,],[36,41,59,],[37,42,63,],[55,59,72,],[48,57,65,],[-30,-20,-8,],[-28,-26,-11,],[29,25,28,],[22,14,-3,],[-18,-29,-47,],[4,-7,-8,],[-7,-17,-17,],[-11,-20,-22,],[-9,-17,-22,],[-22,-31,-37,],[-10,-12,-14,],[-37,-31,-23,],[-23,-19,-17,],[18,5,-11,],[-7,-26,-45,],[-54,-64,-73,],[3,-3,-8,],[7,3,1,],[-48,-52,-47,],[-62,-64,-56,],[-64,-64,-54,],[-51,-51,-44,],[-22,-29,-32,],[-9,-28,-45,],[17,-11,-41,],[23,-7,-45,],[14,-12,-54,],],
[[82,85,82,],[50,59,70,],[40,50,67,],[45,56,71,],[48,59,66,],[-1,8,17,],[-37,-34,-16,],[15,15,26,],[26,24,24,],[9,5,-3,],[-20,-32,-30,],[-46,-57,-53,],[8,-2,-5,],[-1,-12,-16,],[4,-6,-12,],[21,19,17,],[-38,-30,-19,],[-32,-26,-19,],[23,15,5,],[6,-6,-19,],[-8,-13,-20,],[-17,-23,-25,],[-48,-53,-50,],[-58,-62,-55,],[-77,-79,-67,],[-57,-59,-48,],[-37,-52,-66,],[7,-17,-49,],[28,-4,-46,],[33,-3,-54,],[27,-8,-62,],[24,-12,-61,],],
[[70,66,59,],[58,64,65,],[43,51,60,],[46,54,64,],[49,57,63,],[18,25,34,],[-37,-32,-13,],[-6,-2,16,],[-3,1,14,],[11,13,19,],[18,11,11,],[-52,-62,-56,],[4,-5,-5,],[-16,-25,-25,],[19,11,8,],[56,51,48,],[-9,-5,4,],[-50,-46,-37,],[5,-4,-10,],[11,1,-8,],[8,6,4,],[-34,-36,-32,],[-70,-71,-63,],[-69,-69,-57,],[-74,-71,-55,],[-33,-32,-19,],[-4,-31,-48,],[36,-5,-41,],[43,-2,-45,],[37,-10,-55,],[31,-12,-57,],[22,-15,-61,],],
[[38,32,29,],[66,67,65,],[51,53,55,],[49,48,52,],[53,56,59,],[25,33,41,],[-25,-19,-3,],[5,12,29,],[43,50,64,],[-21,-17,-3,],[-31,-32,-24,],[-43,-44,-37,],[-31,-32,-25,],[-3,-5,2,],[50,48,53,],[62,57,57,],[23,24,31,],[-24,-22,-12,],[-34,-43,-43,],[-36,-44,-46,],[-62,-60,-51,],[-75,-68,-54,],[-83,-74,-56,],[-96,-87,-65,],[-75,-63,-40,],[-62,-50,-28,],[-16,-22,-35,],[18,2,-29,],[18,0,-34,],[3,-13,-47,],[2,-10,-40,],[-5,-17,-46,],],
[[-8,-3,9,],[66,74,77,],[49,53,56,],[50,44,48,],[53,54,58,],[12,20,30,],[-40,-35,-20,],[23,29,40,],[113,119,122,],[89,95,100,],[7,16,27,],[8,17,30,],[22,32,45,],[48,57,70,],[61,70,84,],[65,66,74,],[40,47,60,],[0,10,26,],[-15,-13,-4,],[-61,-59,-46,],[-86,-71,-50,],[-87,-66,-41,],[-72,-51,-24,],[-64,-40,-11,],[-61,-37,-3,],[-64,-37,-3,],[-53,-23,7,],[-51,-21,5,],[-45,-18,5,],[-53,-26,-2,],[-63,-30,-2,],[-67,-32,1,],],
[[-44,-17,17,],[47,71,89,],[46,58,70,],[48,47,57,],[49,52,61,],[14,22,32,],[-15,-11,-1,],[81,85,85,],[121,124,119,],[120,125,124,],[78,97,106,],[-1,19,39,],[-11,9,31,],[-1,17,43,],[-9,10,38,],[-3,10,34,],[-20,1,31,],[-54,-29,5,],[-54,-35,-9,],[-62,-39,-12,],[-69,-37,-3,],[-71,-37,-3,],[-70,-37,1,],[-66,-29,10,],[-66,-28,15,],[-70,-31,14,],[-78,-26,19,],[-70,-18,24,],[-63,-14,25,],[-73,-25,16,],[-78,-25,21,],[-79,-27,16,],],
[[-80,-33,19,],[-28,14,48,],[18,43,66,],[40,49,66,],[50,57,70,],[38,45,54,],[38,41,45,],[114,117,110,],[121,123,114,],[96,104,102,],[-15,13,35,],[-62,-34,-3,],[-69,-41,-8,],[-72,-45,-8,],[-72,-46,-6,],[-73,-49,-12,],[-76,-42,1,],[-79,-40,5,],[-75,-40,-1,],[-79,-39,2,],[-83,-36,10,],[-75,-32,10,],[-75,-33,11,],[-78,-35,13,],[-79,-33,16,],[-75,-29,23,],[-75,-28,21,],[-71,-26,21,],[-67,-26,19,],[-69,-28,18,],[-70,-27,23,],[-76,-32,17,],],
[[-91,-31,24,],[-91,-35,14,],[-63,-20,18,],[5,29,56,],[39,54,69,],[6,13,21,],[65,64,60,],[122,122,115,],[110,117,117,],[15,35,55,],[-61,-28,12,],[-71,-37,4,],[-71,-37,5,],[-70,-37,6,],[-72,-38,5,],[-71,-37,2,],[-74,-36,3,],[-79,-37,3,],[-82,-39,1,],[-87,-42,-1,],[-86,-38,5,],[-82,-36,10,],[-83,-37,10,],[-79,-33,14,],[-76,-30,18,],[-66,-19,28,],[-60,-19,25,],[-63,-21,25,],[-66,-20,29,],[-71,-23,27,],[-75,-28,23,],[-70,-19,31,],],
[[-73,-12,43,],[-90,-28,23,],[-87,-37,9,],[-50,-16,20,],[3,24,48,],[3,13,26,],[85,87,85,],[123,125,121,],[58,72,82,],[-56,-29,4,],[-68,-31,13,],[-71,-34,10,],[-69,-32,12,],[-69,-32,12,],[-75,-38,6,],[-76,-39,1,],[-78,-39,-1,],[-80,-40,-2,],[-85,-41,-1,],[-82,-38,3,],[-81,-36,8,],[-81,-33,15,],[-78,-30,18,],[-75,-27,22,],[-63,-14,32,],[-60,-12,34,],[-58,-13,30,],[-63,-14,31,],[-68,-14,36,],[-71,-17,34,],[-52,0,48,],[-40,14,61,],],
[[-69,-9,46,],[-86,-23,30,],[-89,-36,14,],[-80,-38,7,],[-56,-27,11,],[3,21,45,],[94,102,108,],[109,117,119,],[-1,19,35,],[-64,-30,0,],[-72,-35,8,],[-66,-28,15,],[-68,-30,14,],[-77,-39,5,],[-77,-39,5,],[-74,-38,5,],[-75,-37,5,],[-78,-38,5,],[-78,-36,8,],[-77,-34,12,],[-77,-32,15,],[-76,-25,24,],[-68,-16,32,],[-64,-12,36,],[-68,-17,32,],[-75,-25,24,],[-78,-27,23,],[-85,-31,22,],[-70,-14,40,],[-50,7,57,],[-38,14,61,],[-47,2,49,],],
[[-71,-12,43,],[-86,-24,31,],[-91,-33,22,],[-86,-36,17,],[-77,-38,11,],[-45,-16,22,],[73,92,107,],[81,101,108,],[-27,3,23,],[-57,-18,11,],[-68,-28,14,],[-73,-35,9,],[-64,-25,17,],[-73,-35,8,],[-81,-41,2,],[-76,-39,5,],[-74,-37,7,],[-73,-35,11,],[-74,-33,14,],[-75,-33,16,],[-70,-25,23,],[-82,-30,22,],[-82,-29,23,],[-73,-20,31,],[-74,-21,30,],[-82,-29,23,],[-92,-37,17,],[-81,-21,35,],[-55,6,61,],[-55,3,56,],[-75,-24,25,],[-70,-26,23,],],
[[-71,-14,42,],[-86,-25,30,],[-88,-30,26,],[-87,-34,24,],[-80,-34,22,],[-75,-37,10,],[-20,10,40,],[42,71,87,],[-58,-22,5,],[-68,-25,6,],[-69,-28,13,],[-69,-27,14,],[-61,-19,23,],[-64,-22,19,],[-68,-26,15,],[-76,-38,5,],[-79,-42,4,],[-80,-41,5,],[-75,-34,14,],[-72,-30,19,],[-75,-30,20,],[-79,-27,23,],[-81,-29,22,],[-82,-30,20,],[-84,-32,19,],[-81,-29,22,],[-77,-20,33,],[-59,2,57,],[-74,-12,45,],[-89,-32,23,],[-105,-61,-10,],[-70,-29,20,],],
[[-54,1,57,],[-79,-22,31,],[-89,-34,21,],[-83,-31,29,],[-84,-35,23,],[-78,-33,16,],[-79,-42,-1,],[-51,-15,17,],[-72,-33,0,],[-89,-44,-8,],[-93,-50,-8,],[-83,-39,3,],[-72,-29,13,],[-66,-22,19,],[-64,-20,21,],[-69,-30,13,],[-66,-28,15,],[-62,-23,21,],[-65,-23,23,],[-69,-25,22,],[-71,-27,21,],[-76,-28,20,],[-82,-34,15,],[-87,-38,10,],[-79,-31,17,],[-60,-11,36,],[-44,9,58,],[-50,8,60,],[-66,-7,48,],[-83,-25,29,],[-106,-57,-5,],[-81,-37,12,],],
[[-61,-7,48,],[-72,-20,31,],[-86,-37,16,],[-78,-31,26,],[-82,-32,23,],[-79,-30,18,],[-77,-34,10,],[-81,-40,-2,],[-79,-37,1,],[-93,-49,-9,],[-97,-54,-11,],[-90,-47,-4,],[-93,-50,-7,],[-91,-48,-5,],[-85,-41,1,],[-74,-36,5,],[-66,-27,13,],[-60,-21,19,],[-56,-13,27,],[-48,-4,38,],[-53,-10,34,],[-72,-27,18,],[-78,-34,12,],[-78,-34,12,],[-62,-17,27,],[-38,7,50,],[-15,32,74,],[-31,21,68,],[-62,-8,45,],[-94,-39,14,],[-91,-39,11,],[-100,-57,-6,],],
[[-68,-15,41,],[-66,-17,31,],[-76,-33,16,],[-78,-36,18,],[-81,-33,18,],[-81,-30,16,],[-81,-35,8,],[-83,-40,1,],[-85,-42,0,],[-94,-52,-8,],[-98,-55,-12,],[-91,-48,-5,],[-95,-52,-9,],[-91,-48,-5,],[-101,-58,-14,],[-102,-62,-22,],[-88,-51,-12,],[-74,-35,4,],[-61,-18,21,],[-49,-4,34,],[-56,-12,28,],[-69,-26,15,],[-69,-27,14,],[-76,-35,8,],[-55,-13,28,],[-34,8,48,],[-19,22,61,],[-34,12,55,],[-73,-23,28,],[-96,-44,9,],[-87,-37,14,],[-99,-54,-3,],],
],

weights:
[[[-4,-10,-25,],[-16,-7,-7,],[-10,21,35,],],
[[-23,-32,-66,],[-2,11,-2,],[14,53,64,],],
[[-15,-10,-51,],[-14,10,-8,],[-1,35,43,],],
],[[[5,0,25,],[-25,15,-5,],[-15,5,-17,],],
[[-59,-83,-44,],[62,73,47,],[-2,14,12,],],
[[31,-5,-11,],[35,10,20,],[-36,-38,-24,],],
],[[[21,44,15,],[-6,-10,-16,],[-23,-33,-22,],],
[[33,63,45,],[-5,6,-4,],[-39,-44,-52,],],
[[-9,23,30,],[-9,12,9,],[-13,-12,-20,],],
],[[[-33,42,-10,],[-42,78,-32,],[-27,60,-4,],],
[[-25,59,-32,],[-65,79,-79,],[-48,63,-46,],],
[[2,36,-14,],[-30,52,-46,],[-10,45,-19,],],
],[[[12,13,13,],[-12,-7,-6,],[4,9,3,],],
[[-1,-8,7,],[-42,-36,-19,],[-33,-29,-16,],],
[[11,-2,7,],[-5,-11,-2,],[8,6,7,],],
],[[[-23,11,31,],[-20,13,34,],[-11,16,28,],],
[[-37,5,30,],[-32,12,38,],[-23,13,31,],],
[[-39,1,20,],[-33,6,25,],[-26,6,19,],],
],[[[13,23,3,],[68,53,26,],[41,27,10,],],
[[2,-2,-13,],[17,-4,0,],[7,-21,-13,],],
[[-44,-28,-17,],[-60,-42,-10,],[-26,-21,-2,],],
],[[[-21,0,6,],[-19,-3,13,],[-16,-6,10,],],
[[-25,-2,25,],[-32,-8,31,],[-27,-8,34,],],
[[-16,-6,28,],[-26,-17,30,],[-25,-16,35,],],
],[[[12,14,12,],[9,-1,29,],[20,17,13,],],
[[-8,1,14,],[-103,-105,-56,],[29,-8,3,],],
[[24,18,10,],[25,27,-9,],[15,6,8,],],
],[[[-4,20,22,],[-31,-2,-32,],[34,-12,7,],],
[[-116,-12,34,],[65,99,51,],[18,-59,-80,],],
[[-64,9,51,],[-13,-37,-8,],[99,5,-41,],],
],[[[-16,-6,-30,],[41,6,-18,],[30,4,-19,],],
[[6,40,22,],[-20,-31,-17,],[19,-3,-11,],],
[[-13,22,48,],[-57,-39,6,],[10,8,26,],],
],[[[3,-17,-3,],[1,-21,-4,],[-4,-21,-4,],],
[[4,-8,6,],[12,2,17,],[12,8,20,],],
[[21,6,1,],[18,3,-3,],[22,14,4,],],
],[[[-19,1,8,],[-64,-28,-17,],[-22,-3,4,],],
[[-2,-5,-9,],[-14,-6,-20,],[24,20,3,],],
[[6,3,1,],[19,22,0,],[37,29,4,],],
],[[[35,-19,20,],[39,-36,21,],[24,-16,25,],],
[[27,-31,6,],[10,-78,-10,],[6,-44,4,],],
[[3,2,-8,],[-13,-37,-14,],[-6,-5,-1,],],
],[[[58,-14,-26,],[9,-6,-43,],[-45,-7,-4,],],
[[27,-16,-53,],[59,92,42,],[-69,56,51,],],
[[37,14,-9,],[-65,-68,-6,],[-34,5,31,],],
],[[[-48,38,23,],[-95,30,64,],[-66,16,44,],],
[[4,-4,14,],[29,16,10,],[-1,-8,6,],],
[[53,-40,-37,],[127,-39,-76,],[43,-48,-45,],],
],

bias:
0,0,0,0,0,0,0,0,0,0,0,0,0,0,0,0,

output_mat:
[-46,-11,17,24,1,-64,7,-64,16,59,-6,-5,10,19,-68,76]
[-2,4,-17,31,-3,-97,12,-93,12,-2,-33,-1,18,28,-35,100]
[6,10,-23,27,-7,-99,8,-95,5,0,-40,2,21,24,-31,106]
[-8,12,-11,25,-5,-102,3,-96,3,-1,-42,2,18,22,-34,110]
[-17,2,-4,31,1,-104,3,-95,13,-5,-35,0,17,27,-38,108]
[-4,3,-17,35,0,-104,4,-97,19,-8,-36,0,22,27,-40,107]
[-2,15,-17,34,-3,-104,5,-98,9,-1,-44,0,20,24,-36,111]
[-8,5,-11,36,0,-105,3,-98,14,-5,-38,1,20,26,-37,109]
[-8,10,-12,36,-1,-105,5,-99,15,-8,-42,-2,18,26,-41,111]
[-5,10,-15,40,-1,-105,9,-99,13,-7,-38,-2,17,27,-33,108]
[3,8,-19,34,-3,-102,12,-95,8,-9,-39,-1,17,27,-28,106]
[-1,7,-17,25,-2,-100,9,-93,9,-6,-38,0,18,27,-34,103]
[-9,6,-15,27,-2,-103,3,-98,13,6,-36,2,22,25,-44,108]
[-7,11,-17,34,-5,-110,-1,-105,12,5,-42,4,25,22,-43,119]
[-6,12,-17,37,-8,-116,-2,-111,9,-2,-46,5,24,22,-38,125]
[-9,12,-14,39,-7,-118,0,-113,7,-1,-46,4,22,23,-37,127]
[-10,10,-11,42,-5,-118,4,-111,8,-10,-47,1,19,26,-36,127]
[-5,6,-13,42,-1,-113,9,-106,12,-18,-43,-2,17,30,-32,118]
[2,6,-17,39,-1,-105,13,-98,12,-19,-40,-3,17,30,-30,103]
[0,10,-14,35,-1,-98,15,-91,8,-15,-38,-5,14,28,-29,92]
[-6,6,-7,33,3,-92,18,-83,9,-17,-32,-8,9,30,-26,83]
[-6,3,-9,31,5,-87,23,-78,12,-12,-27,-10,8,32,-28,78]
[-7,6,-10,29,5,-86,26,-78,10,-1,-29,-11,7,32,-31,82]
[-5,2,-12,31,6,-88,25,-80,12,0,-28,-10,9,32,-32,86]
[-9,7,-9,31,7,-91,23,-82,12,2,-35,-11,9,32,-38,93]
[-11,2,-8,33,12,-92,21,-81,21,-9,-32,-11,8,36,-39,94]
[-9,8,-11,29,12,-91,25,-80,22,-7,-35,-12,7,39,-41,95]
[-11,7,-12,30,13,-92,28,-82,22,1,-33,-13,6,41,-43,97]
[-11,10,-11,32,14,-94,32,-83,19,-4,-38,-15,3,43,-41,101]
[-11,7,-7,37,18,-91,37,-79,20,-17,-37,-19,-2,47,-34,95]
[-11,3,-5,40,25,-83,46,-70,23,-18,-33,-25,-7,50,-33,84]
[60,-13,-55,33,18,-52,34,-41,38,-75,-20,-11,10,43,4,46]
[-67,-13,33,21,4,-94,10,-79,7,72,20,-2,-1,18,-58,4]
[-13,-9,-8,27,-2,-128,18,-115,5,4,2,3,-1,29,-11,8]
[2,-1,-24,18,-9,-128,21,-119,0,0,-4,7,-1,28,-5,15]
[-13,9,-10,6,-10,-128,18,-120,-9,-1,-11,8,-6,27,0,22]
[-22,-5,1,12,-4,-128,9,-119,-3,-3,-2,9,0,29,1,18]
[-9,-3,-12,19,-6,-128,6,-122,-1,-4,-5,9,6,24,-6,16]
[-10,2,-11,21,-9,-128,7,-123,-6,-2,-5,10,3,21,-2,16]
[-14,-2,-5,21,-7,-128,4,-123,-1,-8,-5,10,4,23,-3,16]
[-17,1,-2,24,-5,-128,5,-123,-6,0,-5,8,2,23,0,15]
[-15,-8,-4,28,-2,-128,8,-120,3,-13,-1,6,2,25,-5,9]
[-3,-1,-14,20,-4,-128,11,-113,3,-16,-1,7,0,26,3,4]
[-7,2,-13,5,-7,-128,13,-111,-2,-3,-1,8,-1,27,1,4]
[-20,0,-9,8,-8,-128,11,-119,-3,12,1,9,2,26,-11,8]
[-19,0,-9,19,-11,-128,13,-128,-6,10,-1,9,0,24,-9,16]
[-18,-3,-7,25,-10,-128,17,-128,-4,1,-3,8,-2,26,-6,19]
[-18,-5,-6,28,-8,-128,17,-128,-1,-3,-3,8,-1,28,-6,19]
[-15,-1,-3,29,-5,-128,14,-128,-3,-16,-7,6,-1,27,2,14]
[-9,-1,-3,28,-3,-128,12,-123,-1,-32,-2,4,-3,28,13,-2]
[-7,7,-5,23,-5,-128,21,-106,-8,-36,1,-1,-11,27,21,-17]
[-10,4,0,18,-4,-128,38,-90,-19,-25,12,-7,-22,30,36,-32]
[-13,-1,8,11,-1,-113,51,-76,-25,-21,14,-14,-29,34,34,-38]
[-14,-8,7,6,3,-106,57,-69,-23,-9,21,-17,-28,38,28,-40]
[-11,-10,0,3,4,-106,58,-70,-22,7,20,-17,-23,38,15,-35]
[-7,-7,-5,2,2,-113,50,-76,-16,2,13,-14,-16,36,6,-26]
[-8,-3,-5,2,1,-121,38,-82,-21,12,11,-7,-11,33,12,-18]
[-10,-9,0,5,3,-128,21,-88,-14,5,4,-3,0,30,1,-8]
[-18,-2,3,8,4,-128,9,-93,-8,3,-1,-1,1,29,-7,3]
[-21,-6,2,15,7,-128,8,-98,0,0,2,0,3,34,-10,6]
[-16,0,0,18,8,-128,10,-100,-5,-2,-5,-2,2,34,-4,10]
[-15,-1,6,24,13,-128,6,-95,-3,-17,-8,-4,2,35,4,11]
[-12,1,8,27,17,-128,3,-84,-2,-23,-9,-7,4,34,7,11]
[78,-19,-60,29,14,-86,-1,-49,14,-69,-2,1,23,33,42,0]
[-70,-15,36,27,6,-98,5,-81,9,76,18,-2,3,16,-62,17]
[-16,-5,-5,36,1,-128,11,-120,5,6,-4,2,6,25,-17,21]
[2,-4,-24,26,-6,-128,16,-125,4,4,-4,7,6,27,-13,23]
[-10,5,-15,8,-8,-128,15,-126,-3,-2,-13,9,-2,30,-9,30]
[-17,-4,-7,11,-2,-128,6,-125,8,-14,-6,11,4,33,-7,22]
[-7,4,-16,19,-7,-128,5,-125,0,-3,-8,11,6,24,-4,16]
[-11,0,-11,22,-10,-128,5,-126,-2,-5,-4,11,4,20,-4,14]
[-16,1,-5,22,-8,-128,5,-126,-2,-4,-5,10,3,22,-3,15]
[-17,-2,-4,23,-7,-128,5,-125,-2,-8,-2,10,2,22,1,14]
[-7,-3,-6,24,-5,-128,-1,-121,-3,-8,-5,11,8,21,5,12]
[11,-19,-19,19,-2,-128,-11,-113,5,-7,2,18,19,18,1,-1]
[-7,0,-12,3,-7,-128,-21,-110,13,-12,-9,17,15,13,-29,-1]
[-41,10,5,9,-5,-128,-14,-115,15,1,5,13,3,20,-22,-3]
[-29,-3,-1,22,-4,-128,11,-124,4,8,13,9,-3,28,-2,-4]
[-14,-6,-6,20,-7,-128,21,-128,-3,-3,4,6,-3,27,-3,-5]
[-13,-2,-7,17,-8,-128,16,-128,-3,-13,6,7,-3,26,4,-13]
[-9,2,-5,15,-8,-128,14,-119,-13,-22,6,7,-6,24,24,-20]
[-19,13,9,12,-7,-128,22,-99,-18,-46,1,-4,-20,25,33,-22]
[-19,-8,13,19,8,-118,44,-74,-22,-26,24,-13,-30,37,54,-39]
[-7,-23,11,16,18,-92,57,-54,-7,-34,20,-23,-29,39,21,-51]
[-10,-13,13,12,27,-76,51,-36,2,-20,20,-26,-28,40,14,-63]
[-20,-10,17,6,32,-68,51,-27,14,-17,23,-30,-28,45,-4,-71]
[-19,0,6,0,27,-69,60,-27,9,-3,29,-31,-31,50,0,-69]
[-7,-2,-5,-4,22,-76,74,-36,-8,17,28,-30,-32,53,11,-63]
[-6,0,-9,-10,11,-85,77,-47,-12,-2,20,-29,-34,50,3,-51]
[0,-3,-13,-6,7,-97,69,-61,-23,23,22,-19,-24,47,22,-43]
[-6,-8,-4,-1,3,-112,50,-77,-27,28,8,-13,-13,35,1,-23]
[-15,-13,4,12,7,-128,22,-90,-8,10,6,-6,0,32,-11,-12]
[-13,-2,1,19,6,-128,9,-97,-6,1,0,-2,3,29,-4,-4]
[-13,0,6,25,10,-128,1,-95,-7,-9,-5,-2,6,29,6,5]
[-13,0,10,29,15,-128,-3,-87,-5,-15,-8,-4,7,29,5,11]
[74,-20,-57,32,12,-89,-5,-52,16,-75,-2,2,23,30,39,3]
[-67,-19,34,25,6,-101,3,-82,10,72,23,-1,6,16,-61,9]
[-12,-3,-6,31,-1,-128,6,-119,0,3,-1,4,9,21,-11,4]
[-4,-6,-17,22,-7,-128,8,-124,4,3,4,8,9,24,-15,2]
[-10,5,-14,6,-12,-128,9,-128,-8,2,-4,12,2,28,-3,13]
[-15,0,-8,9,-8,-128,4,-128,-1,-14,-6,12,4,31,0,17]
[-6,0,-18,18,-11,-128,8,-128,-6,-7,-3,12,4,24,5,13]
[-10,2,-11,20,-13,-128,10,-128,-8,-5,-7,11,1,20,-1,15]
[-19,0,-2,21,-10,-128,9,-128,-7,-2,-3,10,-1,22,1,16]
[-15,-5,-5,22,-8,-128,10,-127,-3,-8,-2,9,1,25,0,15]
[3,-5,-18,23,-10,-128,4,-124,-3,-12,-4,14,8,21,8,12]
[68,-41,-61,17,-16,-128,-33,-117,9,-9,11,42,50,3,19,-17]
[11,41,-18,-16,-38,-128,-72,-113,-17,-8,-46,40,37,-34,-31,-2]
[-93,4,57,9,-10,-128,-65,-105,9,-6,24,29,3,0,-6,-18]
[-50,-24,24,21,0,-128,-6,-107,14,-20,34,11,-5,26,4,-29]
[-5,1,-10,9,-8,-128,23,-106,-10,-13,13,4,-9,25,17,-35]
[-19,12,1,-3,-11,-128,35,-97,-20,-27,11,-3,-25,29,24,-38]
[-28,12,10,-7,-9,-123,61,-80,-30,-38,21,-14,-46,41,53,-39]
[-26,-11,24,-2,12,-103,87,-59,-47,-8,25,-26,-55,54,71,-41]
[5,-55,11,3,28,-80,63,-37,0,-44,27,-23,-23,51,23,-53]
[26,0,-7,-4,25,-58,15,-18,-1,-19,-2,-13,2,25,15,-53]
[9,-1,7,-4,25,-44,-21,2,1,-22,11,-4,10,12,19,-59]
[-15,0,27,-5,32,-36,-28,12,-1,-1,14,-8,9,11,4,-63]
[-32,-21,33,1,43,-38,-16,13,17,7,32,-16,3,25,-21,-72]
[-24,-9,15,-1,41,-46,10,5,28,-10,29,-25,-9,38,-30,-71]
[-15,-4,4,0,45,-54,38,-5,13,23,31,-29,-18,51,-7,-72]
[-7,-14,-11,0,34,-65,56,-23,26,-3,27,-32,-20,52,-35,-67]
[2,12,-22,4,18,-82,58,-46,0,31,20,-23,-18,44,-3,-54]
[2,1,-12,9,9,-105,45,-69,-16,32,11,-14,-7,34,0,-34]
[-6,-4,-4,14,4,-123,24,-85,-16,18,5,-7,-1,26,-3,-17]
[-15,0,5,20,5,-128,9,-90,-11,-2,-1,-4,1,26,1,0]
[-16,0,10,25,11,-128,3,-87,-11,-6,-3,-4,4,28,10,11]
[71,-19,-53,29,9,-91,-2,-54,8,-72,-5,2,21,29,44,7]
[-59,-13,31,16,4,-93,8,-70,7,48,27,-3,-1,17,-47,-15]
[-8,6,-7,14,-7,-128,22,-99,-17,-13,12,0,-8,22,21,-34]
[-9,-11,-8,10,-9,-128,32,-103,-17,15,24,1,-7,25,9,-41]
[-13,-12,-7,4,-13,-128,30,-116,-15,14,14,4,-8,28,-4,-23]
[-19,-7,-3,11,-8,-128,18,-127,-6,6,2,7,-4,31,-3,-1]
[-10,-7,-14,20,-9,-128,15,-128,2,-10,-1,9,0,29,-3,11]
[-10,5,-14,21,-11,-128,17,-128,-6,1,-8,9,-2,24,0,18]
[-21,-2,-1,21,-8,-128,15,-128,-2,-6,-5,8,-4,27,-4,19]
[-15,-4,-7,23,-6,-128,14,-128,0,-6,-3,8,0,29,-1,16]
[5,1,-25,25,-13,-128,14,-128,0,-18,-7,10,3,24,3,17]
[95,7,-112,11,-53,-125,8,-119,7,-69,-2,32,25,4,39,11]
[27,96,-48,-29,-83,-105,30,-111,-124,47,-43,31,-30,-31,97,34]
[-109,-44,101,-5,-25,-113,16,-96,-48,-17,20,10,-40,9,28,8]
[-65,-31,55,9,1,-116,30,-83,-6,-42,24,-8,-30,34,16,-24]
[-20,11,4,0,-6,-105,72,-67,-29,-36,21,-20,-49,43,48,-39]
[-25,-7,18,-8,9,-90,106,-52,-46,-3,28,-32,-64,59,60,-51]
[-39,-39,38,-5,36,-77,111,-37,-12,-17,25,-47,-64,75,12,-54]
[-4,-44,13,0,48,-67,78,-19,27,-43,27,-36,-33,74,7,-61]
[63,2,-40,-11,32,-45,20,-7,16,-16,-6,-14,17,40,18,-50]
[55,28,-43,-21,4,-27,-20,5,-22,0,-12,4,21,2,24,-31]
[18,5,-5,-15,5,-13,-43,16,-15,-14,0,9,21,-7,22,-20]
[-8,6,21,-13,9,-6,-51,24,-18,-2,0,8,19,-11,16,-15]
[-30,3,43,-12,18,-11,-57,28,-12,-1,4,2,20,-5,3,-17]
[-29,-10,40,-5,33,-22,-45,26,-14,23,18,-4,18,9,5,-31]
[-17,-21,23,-5,34,-32,-34,21,10,-16,20,-10,17,17,-24,-41]
[-25,23,18,-3,34,-42,-8,10,-3,14,9,-23,0,25,-13,-43]
[-21,-12,0,12,30,-56,41,-7,3,9,43,-31,-19,43,-10,-58]
[14,-10,-27,11,19,-73,69,-37,-10,36,29,-28,-15,42,-5,-53]
[15,-6,-23,8,8,-97,48,-64,-16,39,9,-15,-3,30,-12,-31]
[-13,2,2,13,8,-120,17,-82,-11,20,-3,-7,0,24,-15,-7]
[-23,-6,11,22,14,-128,4,-86,2,-5,3,-4,3,30,-5,4]
[69,-13,-53,26,10,-91,0,-55,11,-71,-6,3,18,31,44,4]
[-51,-12,32,11,9,-72,22,-47,-2,30,31,-9,-15,24,-17,-32]
[-34,24,17,-1,0,-99,62,-59,-21,-50,8,-26,-50,37,26,-46]
[-24,-21,3,10,8,-93,98,-58,-20,15,57,-27,-48,56,47,-70]
[16,-27,-25,6,-5,-107,96,-89,-34,57,22,-18,-23,39,2,-50]
[-3,-13,-10,12,-10,-128,41,-117,-16,35,-2,-2,-4,24,-25,-15]
[-13,-4,-9,22,-8,-128,11,-128,1,5,-2,8,3,25,-11,8]
[-12,-1,-13,23,-9,-128,12,-128,-1,-4,-2,10,0,25,-2,15]
[-18,-2,-3,22,-6,-128,10,-128,-2,-2,-6,9,1,26,-5,16]
[-16,-4,-6,25,-6,-128,7,-128,4,-10,-4,9,3,27,-7,14]
[-4,0,-18,32,-7,-128,14,-128,1,-6,-6,8,2,26,-1,16]
[44,-8,-77,41,-12,-126,60,-125,29,-36,-3,-6,-14,38,-14,20]
[0,22,-49,15,-32,-99,124,-106,-9,-43,-2,-13,-80,37,20,22]
[-58,-7,61,8,14,-87,86,-86,3,-14,-12,-17,-53,51,28,4]
[-50,-12,58,11,30,-88,44,-60,6,-19,-5,-22,-32,45,6,-23]
[-49,-22,45,18,47,-78,53,-32,23,-37,20,-35,-43,60,-1,-48]
[-20,-34,23,14,58,-61,60,-11,43,-42,30,-37,-32,70,-2,-68]
[-5,12,23,-2,53,-52,29,1,14,-7,-7,-33,-10,53,1,-57]
[25,-6,-7,1,45,-44,-7,11,19,-15,9,-19,20,43,7,-52]
[87,-4,-78,-5,16,-24,-8,11,-1,7,10,-1,35,19,13,-41]
[65,13,-62,-16,-7,-6,-17,6,-14,8,-13,8,25,-8,-7,-12]
[6,18,-5,-11,-3,1,-36,7,0,-9,-17,9,14,-10,-6,14]
[-21,17,18,-6,2,3,-26,14,-6,-8,-7,3,2,-3,11,27]
[-27,1,33,-3,15,2,-12,18,-15,13,-4,-5,1,8,11,25]
[-13,-17,26,-4,21,-7,-26,19,1,-10,-1,-3,17,8,-8,11]
[-13,24,23,-8,21,-13,-37,20,-13,6,-18,-7,17,4,-4,9]
[-49,0,50,5,36,-25,-13,24,-17,6,13,-20,-8,21,4,-13]
[-46,-23,44,16,54,-34,22,18,19,-16,24,-40,-13,45,-31,-41]
[5,-11,-21,16,40,-48,56,-2,18,23,38,-38,-11,50,-22,-56]
[39,1,-54,4,13,-71,62,-39,-11,56,18,-21,-1,36,-13,-38]
[4,14,-17,-2,1,-103,30,-70,-27,45,-8,-8,0,21,-16,-5]
[-26,-4,14,11,10,-127,2,-82,-6,4,1,-2,4,27,-8,7]
[63,-16,-50,21,8,-92,-2,-55,6,-70,-2,5,16,31,48,5]
[-45,-15,39,7,18,-49,7,-23,12,-7,21,-11,-13,22,-19,-36]
[-74,19,70,3,40,-68,44,-19,-17,-12,4,-37,-55,45,22,-45]
[-50,-76,35,33,67,-59,75,-12,68,-34,69,-48,-34,79,-34,-81]
[52,0,-74,23,23,-73,87,-50,23,59,25,-29,-3,44,-35,-71]
[23,28,-46,13,-11,-115,47,-98,-20,82,-8,-7,2,14,-31,-23]
[-18,0,-5,21,-11,-128,15,-125,-9,23,1,7,0,20,-13,6]
[-14,-6,-9,23,-10,-128,12,-128,-2,-7,0,10,1,26,-1,13]
[-9,-1,-10,20,-11,-128,10,-128,-7,-5,-5,12,2,24,4,12]
[-14,0,-4,20,-9,-128,6,-128,-6,-10,-4,10,2,22,1,8]
[-14,1,-6,26,-9,-128,13,-123,-6,-26,3,5,-5,23,11,-4]
[-4,3,-10,29,-4,-128,40,-108,-10,-28,2,-7,-20,33,23,-11]
[-2,-25,-7,21,3,-111,63,-84,-1,-39,17,-11,-33,43,27,-22]
[11,-19,0,8,13,-86,30,-63,12,-35,-2,-4,-6,33,14,-28]
[-15,21,30,-2,15,-75,-19,-37,-11,-18,-21,0,2,12,19,-21]
[-48,-4,69,3,36,-68,-47,-7,-4,-31,4,-4,7,20,27,-25]
[-2,-21,25,8,44,-48,-51,15,14,-35,14,-6,30,24,15,-37]
[13,16,1,2,31,-34,-39,23,-17,4,-2,-10,24,9,8,-30]
[8,-5,1,10,35,-25,-27,24,5,-8,10,-17,21,19,-8,-24]
[73,-15,-75,8,12,-10,0,16,13,-6,22,-5,29,16,1,-25]
[84,22,-84,-13,-20,3,1,0,-27,35,-15,11,25,-15,6,1]
[-5,22,3,-13,-14,-3,-24,-7,-22,16,-27,9,7,-19,-14,29]
[-58,-4,48,3,11,-11,-17,-1,10,-15,0,-4,-10,8,-12,31]
[-28,-12,27,4,21,-11,3,6,15,-17,5,-9,-4,23,0,22]
[8,14,-1,-5,14,-7,2,8,-3,-4,-18,-11,8,16,0,24]
[-20,19,21,-4,16,-11,6,13,-28,12,-12,-15,-9,14,11,22]
[-49,-5,62,3,35,-17,2,25,-9,-33,-3,-25,-14,28,7,12]
[-42,-1,60,11,58,-24,3,33,-10,8,3,-35,-3,39,9,-13]
[-14,-25,9,15,55,-33,28,22,20,9,27,-43,1,47,-46,-36]
[41,-9,-65,9,28,-52,58,-13,15,39,34,-29,3,46,-36,-44]
[28,21,-48,-5,2,-83,54,-56,-26,62,-2,-15,-4,28,-21,-18]
[-20,0,8,5,8,-115,18,-80,-11,22,-5,-7,0,30,-19,2]
[58,-19,-45,19,8,-90,0,-55,11,-72,-2,4,14,34,42,3]
[-33,16,43,-7,9,-30,-41,-9,-2,-10,-19,2,7,-7,-23,-18]
[-102,12,112,-2,38,-53,-38,13,-15,-32,11,-12,-25,20,40,-27]
[-25,-81,53,25,80,-43,-39,20,51,7,52,-16,43,45,-16,-66]
[61,-1,-84,14,21,-57,-21,-20,37,41,15,-8,52,0,-98,-63]
[1,39,-51,17,-11,-103,-1,-75,1,82,18,4,13,-4,-53,-32]
[-29,0,-1,24,-7,-128,14,-117,-3,35,13,6,-2,19,-16,-4]
[-11,-10,-8,26,-6,-128,15,-128,2,-6,2,8,1,27,-4,1]
[0,-3,-18,21,-11,-128,12,-128,0,-17,0,10,2,23,3,-5]
[1,-7,-12,14,-8,-128,5,-118,-6,-11,6,14,4,20,15,-21]
[-28,16,14,9,-6,-128,7,-100,-6,-48,-4,0,-17,18,9,-27]
[-29,-18,22,23,14,-122,25,-76,-4,-23,35,-4,-23,35,50,-52]
[26,-41,-11,13,15,-94,13,-58,14,-30,19,1,8,26,15,-52]
[50,11,-39,-3,-4,-69,-30,-43,5,-24,-10,15,29,-3,11,-37]
[-12,36,14,-10,-9,-55,-46,-24,-28,-8,-13,15,7,-13,31,-12]
[-58,-1,71,-4,18,-46,-46,-1,-13,-31,3,1,1,8,31,2]
[-11,-11,27,5,30,-28,-30,17,-3,-27,8,-9,16,20,25,-1]
[10,9,-1,3,20,-15,-9,26,-26,-1,-1,-14,9,9,15,1]
[-8,-2,20,8,32,-13,-6,25,-13,8,-1,-22,8,16,-5,0]
[33,-9,-42,11,20,-5,20,18,22,-20,14,-23,9,25,-25,-4]
[86,14,-105,-3,-18,5,57,0,-16,25,13,-5,-1,10,19,0]
[24,28,-22,-22,-25,-1,36,-16,-54,44,-30,1,-12,-10,12,26]
[-64,-10,71,-9,9,-21,-14,-11,-8,-8,-12,-3,-10,5,-11,23]
[-45,-13,43,3,24,-25,-12,1,23,-33,8,-11,-3,25,-8,9]
[-6,11,0,0,20,-17,27,6,-5,1,2,-20,-14,31,10,7]
[-15,-4,19,-2,25,-16,36,11,-12,-5,-1,-24,-19,32,6,7]
[-29,0,50,4,45,-17,10,21,-7,-4,-16,-29,-6,35,4,11]
[-34,-7,51,11,56,-22,-11,35,10,-24,-3,-31,4,36,-10,2]
[-28,12,32,10,61,-29,2,33,6,15,1,-40,6,43,-25,-10]
[20,-19,-40,13,44,-43,44,9,20,20,38,-37,5,53,-37,-39]
[51,4,-74,1,10,-67,67,-35,-16,61,19,-21,-1,36,-23,-38]
[2,12,-13,2,3,-101,32,-72,-21,43,-12,-11,0,24,-27,-10]
[54,-18,-39,21,7,-86,-3,-54,9,-63,-1,4,14,30,39,-4]
[-8,52,24,-21,-19,-9,-49,-5,-57,36,-40,18,9,-38,18,1]
[-112,-32,127,-1,34,-30,-83,19,2,-44,14,6,2,-2,12,-14]
[13,-64,17,10,47,-20,-106,29,63,-27,41,18,82,6,-16,-52]
[56,52,-73,-13,-13,-35,-81,-11,-25,94,-9,23,69,-44,-50,-36]
[-58,3,7,7,-17,-90,-45,-63,-4,64,33,16,15,-21,-72,-22]
[-51,-15,18,25,-4,-128,-5,-105,9,20,30,10,-1,17,-20,-15]
[-4,-2,-11,24,-9,-128,14,-119,-5,-12,5,7,-1,22,11,-15]
[38,-36,-36,22,-6,-128,0,-111,-2,-3,23,22,20,15,26,-46]
[58,-33,-45,-2,-16,-122,-52,-98,17,-30,5,42,48,-15,-10,-68]
[-28,14,32,-9,-1,-112,-102,-77,6,2,-9,41,33,-28,-9,-60]
[-69,-30,61,7,21,-101,-114,-50,74,-76,30,31,32,-4,-30,-54]
[28,10,-33,2,5,-73,-82,-35,37,-17,24,35,47,-6,27,-45]
[38,42,-47,-20,-28,-44,-45,-30,-22,-4,-12,26,21,-27,20,-12]
[-41,12,31,-16,-14,-35,-24,-17,-29,-5,8,14,-14,-10,31,3]
[-73,-12,82,-8,22,-31,-15,-2,-6,-19,1,-7,-15,17,11,13]
[-31,-24,40,6,40,-22,-8,14,19,-27,10,-17,1,33,0,3]
[2,10,1,3,30,-11,11,23,3,-17,-5,-23,-2,26,-4,4]
[-15,19,20,1,31,-9,17,27,-11,-1,-6,-28,-9,28,6,6]
[-3,-13,1,10,43,-9,41,20,2,25,12,-36,-8,44,-14,-3]
[75,-46,-93,11,19,-2,68,2,42,-6,31,-23,4,41,-45,-20]
[65,46,-78,-19,-19,-2,52,-16,-13,20,-29,-4,-11,3,-10,3]
[-33,21,43,-16,2,-20,-9,-15,-20,20,-21,5,-6,1,17,10]
[-60,-18,69,-2,29,-30,-30,-3,11,-9,-1,-6,2,16,-14,4]
[-37,-15,32,6,36,-29,-8,8,26,-27,12,-16,-5,31,-18,-5]
[-6,2,9,3,36,-23,7,14,14,-12,2,-19,0,35,0,-7]
[-5,12,23,-1,35,-21,-7,21,-11,0,-13,-19,7,25,10,2]
[-20,0,43,6,49,-24,-31,30,-5,-2,-10,-21,19,24,-3,4]
[-43,1,51,10,60,-31,-24,35,2,1,-1,-32,10,33,-28,-4]
[-19,-11,7,16,62,-40,15,23,33,-6,24,-44,5,56,-47,-26]
[51,-1,-80,12,26,-53,68,-10,9,30,37,-32,-1,50,-19,-45]
[39,25,-52,2,0,-79,67,-52,-43,70,-4,-19,-7,24,-6,-25]
[60,-19,-40,16,3,-71,17,-46,-7,-44,-5,-3,9,24,30,-11]
[5,84,-9,-31,-51,13,-9,-2,-65,-1,-48,15,-22,-46,26,14]
[-76,-39,116,-7,16,-3,-68,19,-21,0,23,22,12,-9,71,-14]
[43,-51,-14,-7,8,13,-95,22,35,-21,11,24,78,-25,-40,-30]
[20,47,-57,-18,-42,-10,-64,-11,-29,71,9,34,35,-56,-34,-25]
[-103,10,63,-2,-20,-69,-35,-62,-19,79,18,16,-3,-22,-50,-3]
[-73,-38,47,26,2,-125,-10,-97,12,19,37,10,-1,19,-19,-8]
[-12,10,-6,21,-9,-128,22,-104,-6,-31,-3,-1,-14,22,9,-2]
[100,-47,-92,14,-22,-109,5,-87,10,-48,42,35,32,12,70,-56]
[127,39,-128,-45,-81,-62,-50,-74,-54,-14,-31,64,56,-63,55,-53]
[-7,45,12,-66,-89,-57,-125,-54,-85,11,-9,83,33,-90,71,-32]
[-105,-5,111,-48,-36,-60,-128,-38,-46,10,11,58,28,-52,38,1]
[-22,-65,7,-21,-20,-48,-85,-28,15,-41,57,46,34,-16,13,-14]
[1,24,-23,-36,-33,-26,-22,-28,-26,2,-9,24,-4,-21,4,9]
[-67,-5,54,-24,-5,-25,-15,-17,3,-24,6,11,-21,5,6,13]
[-64,-11,72,-16,24,-28,-20,-3,0,-1,1,1,-6,20,17,10]
[-41,-3,51,-8,32,-26,-30,11,14,-35,-11,-12,7,23,-12,11]
[-15,2,17,5,37,-19,-8,23,0,-4,8,-17,2,29,14,-2]
[-31,9,33,2,41,-13,21,28,-3,-12,-9,-37,-17,36,-18,7]
[-5,-31,11,11,55,-19,23,27,21,8,26,-30,4,51,-7,-18]
[111,-38,-100,3,29,-11,4,6,37,22,11,-4,56,24,-41,-35]
[80,50,-97,-20,-23,-10,-14,-13,-8,17,-31,12,23,-23,-39,-9]
[-18,10,12,-11,-8,-21,-40,-14,5,-2,3,22,8,-12,10,-8]
[-60,21,68,-16,7,-27,-51,-5,-9,-7,-19,8,5,-6,3,10]
[-60,-9,66,-1,29,-32,-43,10,0,-12,12,-3,6,17,14,0]
[-3,-25,13,3,34,-25,-18,16,6,-12,14,-10,16,25,1,-11]
[5,11,5,-3,25,-19,-18,19,-5,-11,-12,-14,13,14,-9,-2]
[-16,11,30,3,34,-21,-30,26,-9,-3,-5,-13,14,17,10,1]
[-39,9,58,0,45,-29,-31,33,-21,3,-7,-22,11,22,4,2]
[-49,-13,57,10,68,-39,-14,33,4,7,12,-39,8,45,-28,-16]
[15,-28,-38,19,55,-45,42,14,41,-9,43,-44,3,61,-52,-47]
[54,23,-83,7,14,-59,84,-23,-11,44,20,-32,-13,41,-12,-44]
[85,2,-68,8,4,-50,51,-31,-22,-2,-7,-12,2,28,38,-19]
[-7,89,-7,-26,-45,26,18,0,-65,16,-53,2,-44,-40,11,18]
[-48,-69,68,2,10,22,-25,21,44,-66,47,15,-1,8,38,-21]
[73,20,-56,-21,-21,44,-28,17,-18,46,-16,21,41,-32,14,-15]
[-9,5,-23,-19,-46,13,-24,-14,-24,58,15,27,8,-51,-44,-15]
[-126,3,88,-2,-18,-54,-20,-62,-9,84,14,14,-16,-21,-61,6]
[-86,-43,63,27,9,-119,-22,-97,32,21,30,13,7,19,-32,6]
[-30,17,13,21,3,-128,6,-101,-8,-9,-17,0,-12,23,3,25]
[88,-21,-106,17,-20,-86,34,-75,58,-128,18,6,3,36,26,-1]
[127,62,-128,-34,-88,-9,100,-54,-71,13,-2,30,-24,-12,124,-14]
[23,20,-39,-72,-96,18,75,-53,-79,25,-24,30,-52,-41,29,13]
[-118,-14,107,-59,-41,-9,4,-44,-32,28,2,29,-46,-14,17,25]
[-41,-61,37,-36,-13,-23,-25,-40,36,-32,24,32,7,11,0,6]
[-1,14,-15,-44,-33,-20,-19,-34,-20,15,-12,33,-1,-15,10,12]
[-76,4,69,-33,-5,-26,-41,-25,7,-20,-18,17,-8,-2,-17,23]
[-63,-11,60,-16,12,-31,-43,-8,19,-33,11,13,1,16,14,10]
[-39,11,50,-10,25,-27,-28,4,-19,13,-14,-4,4,16,19,14]
[-30,-26,39,5,36,-24,-26,18,19,-44,6,-13,9,24,-15,2]
[-50,35,56,1,45,-23,-6,30,-15,3,-18,-32,-12,30,1,11]
[23,-71,-5,18,61,-23,-11,30,42,-6,46,-15,39,48,-7,-33]
[127,-10,-128,-11,-2,-5,-39,4,25,21,-6,22,92,-13,-41,-39]
[66,90,-85,-35,-53,-7,-60,-15,-47,35,-46,34,30,-60,-16,1]
[-42,-9,29,-11,-23,-15,-58,-14,4,-23,23,31,6,-22,19,-3]
[-71,29,69,-19,-9,-16,-18,-6,-37,5,-13,3,-23,-8,23,18]
[-77,-34,86,0,29,-23,-9,9,1,-24,22,-11,-15,28,17,2]
[6,-17,8,-2,27,-16,-1,16,5,-20,7,-13,11,26,7,-8]
[16,14,-5,-4,19,-13,-6,17,-26,22,-9,-11,11,10,10,-3]
[-18,-7,30,4,29,-16,-20,21,-2,-12,-5,-15,9,14,-15,2]
[-31,3,47,4,43,-22,-26,31,-5,-8,-1,-18,7,22,4,-4]
[-49,0,70,-1,60,-32,-32,38,-3,0,-1,-28,12,32,-11,-13]
[-15,-23,18,9,70,-40,-14,31,26,10,26,-35,23,50,-38,-38]
[27,1,-58,9,37,-50,42,2,22,13,28,-37,1,46,-52,-42]
[100,-3,-101,13,14,-37,56,-12,3,3,16,-15,6,39,26,-30]
[-24,107,11,-35,-50,27,16,5,-84,18,-63,2,-52,-46,22,28]
[-50,-89,67,14,27,33,-14,23,64,-50,55,3,2,24,21,-16]
[93,5,-99,-16,-30,57,24,19,-2,19,1,13,13,-23,-5,-15]
[-6,35,-20,-26,-47,31,5,-15,-18,59,-12,19,-5,-45,-38,-2]
[-128,7,93,-10,-24,-44,-11,-58,-20,94,18,16,-21,-22,-40,6]
[-88,-45,68,16,0,-114,-19,-98,19,36,28,14,8,15,-36,9]
[-39,8,25,11,-6,-128,-13,-107,-21,5,-15,12,-1,16,7,37]
[5,-15,-20,27,23,-104,27,-82,40,-71,-15,-17,-13,56,-9,45]
[127,-48,-128,13,-19,-23,123,-46,72,-111,43,-3,-35,57,17,-5]
[72,89,-107,-56,-61,28,127,-48,-29,41,-63,-2,-64,4,2,30]
[-91,14,68,-51,-33,3,65,-42,-13,22,-13,7,-66,16,7,36]
[-11,-48,10,-32,-13,-16,26,-45,19,0,16,21,-7,28,22,9]
[46,-5,-52,-44,-47,-14,-4,-45,-15,1,-15,39,11,-19,3,8]
[-62,33,62,-37,-27,-26,-60,-38,-26,13,-41,32,1,-29,-2,26]
[-93,-31,89,-3,13,-35,-65,-19,32,-39,16,17,4,7,-8,9]
[-37,-5,40,-3,16,-32,-35,-3,5,-21,6,7,5,12,17,4]
[-15,-4,37,0,31,-24,-45,9,1,-2,-13,-1,26,10,4,4]
[-75,20,82,-1,41,-30,-41,27,-12,-16,-17,-21,-5,15,-17,12]
[52,-85,-30,23,58,-21,-52,28,76,-30,57,2,71,39,-10,-44]
[127,49,-128,-23,-43,13,-32,-1,-5,26,-25,29,81,-39,-27,-26]
[28,86,-60,-36,-73,7,-19,-18,-81,51,-28,33,-12,-62,23,11]
[-81,-33,73,-9,-16,-1,-11,-18,7,-30,21,12,-25,-5,6,8]
[-87,6,81,-10,3,-9,23,-4,-24,1,2,-10,-47,12,24,12]
[-68,-39,86,3,41,-16,10,10,19,-26,12,-21,-15,39,3,-2]
[7,-5,1,3,33,-9,12,18,13,-11,1,-22,4,32,-4,-9]
[21,10,-20,-1,15,-7,15,18,-9,-2,1,-15,1,17,6,-7]
[-5,18,20,-2,21,-9,-1,19,-26,15,-15,-16,2,12,12,6]
[-17,-12,38,1,33,-15,-21,28,-11,-14,2,-14,10,18,10,-2]
[-31,3,53,-8,45,-21,-37,37,-14,1,-8,-18,16,20,-1,-5]
[-24,-17,38,-1,57,-31,-47,36,10,7,12,-18,33,30,-24,-20]
[-14,6,-2,6,48,-48,-11,12,8,32,10,-29,18,34,-52,-19]
[92,-39,-98,24,28,-37,18,0,39,-25,37,-11,29,42,-7,-32]
[-36,109,21,-37,-48,28,21,6,-89,28,-65,1,-59,-45,21,36]
[-54,-113,78,17,42,30,-28,23,82,-43,60,6,17,30,5,-16]
[112,11,-120,-18,-29,55,1,17,18,7,-10,18,31,-28,-29,-11]
[-28,79,-14,-31,-51,35,12,-9,-25,41,-26,10,-30,-43,-33,12]
[-128,-15,94,-5,-15,-29,36,-42,-12,71,50,2,-49,6,-9,-13]
[-67,-45,51,3,-2,-93,38,-90,1,62,28,-1,-9,26,-34,-14]
[-32,-2,16,2,-15,-128,8,-112,-21,18,-6,10,-3,17,-6,16]
[-47,10,52,8,15,-128,-9,-88,-14,-41,-31,-3,-13,40,27,48]
[99,-69,-104,18,16,-66,24,-48,76,-119,28,3,23,60,16,4]
[84,78,-128,-37,-48,-6,94,-39,-35,21,-40,-2,-41,5,-3,25]
[-53,-25,35,-19,-3,-12,61,-41,9,36,5,0,-41,29,-15,13]
[26,-46,-30,-14,-6,-20,14,-48,66,-41,2,16,11,22,-39,-10]
[90,28,-105,-27,-53,-8,-13,-49,7,8,-12,46,25,-27,17,-16]
[-37,52,31,-37,-57,-16,-47,-45,-50,22,-39,43,-7,-54,22,14]
[-116,-29,125,-5,1,-32,-79,-27,10,-19,10,26,3,-14,7,6]
[-49,-24,52,1,9,-31,-55,-9,19,-34,16,14,12,2,4,0]
[-5,11,15,-8,6,-21,-41,4,-9,-16,-6,9,17,-2,23,6]
[-75,29,93,-12,25,-28,-45,20,-47,11,-23,-8,-4,1,22,20]
[62,-99,-40,20,43,-12,-61,22,78,-48,55,9,79,26,-22,-38]
[127,58,-128,-18,-54,25,4,-4,-24,45,-17,22,43,-41,-22,-21]
[-10,46,-25,-25,-60,18,22,-19,-43,16,-11,19,-41,-41,2,9]
[-98,-15,98,-5,2,4,10,-16,11,-8,5,0,-38,8,10,10]
[-87,-11,88,-4,17,-9,18,3,0,-18,7,-13,-39,22,13,6]
[-46,-16,65,1,40,-14,3,15,11,-14,2,-20,-6,35,10,-1]
[-1,2,8,1,32,-10,10,24,-2,-7,-1,-24,-1,29,0,-4]
[14,-2,-15,5,26,-4,28,22,-1,-3,8,-25,-5,29,-2,-8]
[13,0,-4,4,24,-4,26,20,-13,14,-1,-21,-4,22,5,-4]
[8,-6,15,1,30,-7,-10,23,1,-9,-12,-15,14,17,-6,0]
[-16,13,32,-6,32,-13,-37,30,-8,3,-12,-10,18,11,-3,3]
[-22,-7,34,0,42,-24,-50,26,6,13,2,-9,33,18,-19,0]
[-37,9,31,5,41,-51,-36,6,-7,42,-2,-16,23,19,-41,6]
[77,-46,-72,28,34,-42,-23,-2,50,-35,27,-4,51,34,-21,-16]
[-36,103,23,-39,-48,24,11,4,-86,32,-65,6,-52,-48,15,37]
[-38,-109,67,10,35,24,-59,18,89,-50,53,20,40,20,1,-13]
[118,40,-128,-28,-46,49,-21,11,-8,22,-22,30,38,-44,-13,1]
[-75,62,37,-27,-38,31,11,-2,-45,44,-20,4,-51,-37,-19,18]
[-128,-62,120,8,22,-17,39,-19,51,-8,63,-16,-52,33,-42,-38]
[-37,-22,13,4,9,-67,61,-63,18,73,39,-11,-15,36,-30,-56]
[-13,4,-7,-1,-15,-118,37,-102,-22,56,2,2,-9,18,-18,-18]
[-60,17,64,2,4,-128,0,-91,-31,-32,-27,-2,-24,31,32,26]
[55,-54,-43,20,25,-87,6,-54,52,-105,17,-2,20,60,36,-1]
[74,39,-106,-17,-28,-30,74,-34,-34,5,-13,-5,-28,14,13,3]
[25,-39,-19,-13,-9,-21,17,-36,16,7,10,17,11,9,-6,-16]
[64,19,-60,-22,-32,-20,-38,-44,8,2,-28,32,39,-26,-14,-14]
[56,22,-92,-20,-70,-2,-16,-40,5,-39,14,41,3,-39,15,-19]
[-31,55,9,-34,-73,7,28,-35,-70,17,-6,28,-52,-40,73,6]
[-93,-38,112,-18,-17,-7,-5,-25,-31,10,13,17,-24,-11,42,3]
[-49,-39,63,-9,2,-18,-35,-14,2,-5,7,12,9,-6,-6,2]
[-28,6,24,-7,1,-16,-29,-2,6,-32,-4,3,0,0,-4,10]
[-73,23,79,-10,19,-21,-14,16,-29,-10,-6,-9,-23,13,36,15]
[72,-77,-48,13,34,3,-25,16,58,-24,38,2,62,29,-6,-30]
[127,46,-128,-21,-57,30,24,-2,-29,31,-13,18,20,-39,-19,-16]
[-26,43,3,-24,-47,21,21,-15,-36,18,-17,13,-39,-32,5,12]
[-91,-28,97,-3,6,2,0,-9,5,-1,14,4,-28,6,18,4]
[-67,-21,82,-2,25,-9,-14,5,11,-12,-2,-7,-10,13,-9,1]
[-44,-8,56,4,39,-15,-27,18,23,-20,0,-14,5,23,-12,-5]
[-12,-6,19,8,42,-12,-12,26,12,0,8,-17,8,27,-2,-12]
[7,-10,-1,9,40,-8,-2,25,20,-5,3,-22,12,25,-27,-15]
[27,0,-22,8,28,-7,-9,22,18,-4,3,-11,19,16,-14,-16]
[30,19,-15,-1,18,-5,-25,19,-6,11,-14,-4,25,3,3,-4]
[-16,14,24,-5,17,-12,-38,19,-11,6,-12,-4,16,0,-9,9]
[-34,-1,34,5,28,-25,-37,12,3,13,1,-8,20,13,-19,15]
[-35,0,31,12,29,-55,-27,-10,-14,46,1,-9,22,15,-24,18]
[71,-31,-56,26,25,-47,-32,-14,31,-34,2,-1,52,22,-18,5]
[-18,97,7,-43,-54,23,2,0,-86,39,-61,15,-39,-54,19,32]
[-28,-94,52,2,21,24,-66,10,84,-47,43,25,44,8,-10,-11]
[93,42,-120,-31,-54,45,-9,4,-15,24,-11,30,18,-43,-5,3]
[-83,40,68,-31,-32,27,-6,2,-49,27,-18,15,-45,-36,13,19]
[-128,-41,127,2,37,-8,-22,2,42,-23,24,-12,-23,18,-33,-25]
[-33,-46,5,15,23,-43,23,-23,41,44,70,-9,0,29,-37,-81]
[7,12,-32,-1,-14,-84,42,-71,-16,68,14,-4,-6,9,-34,-54]
[-59,14,62,6,4,-121,6,-79,-34,3,-9,-3,-24,22,28,-13]
[19,-63,1,30,37,-92,-11,-53,50,-76,18,-4,20,51,20,-20]
[69,14,-85,2,-7,-45,24,-31,10,-29,-6,1,1,12,-5,-14]
[106,-28,-100,-3,-17,-15,-17,-33,35,4,16,35,51,-8,3,-39]
[94,36,-95,-29,-59,-4,-53,-42,-22,36,-31,53,43,-64,-6,-25]
[-40,25,4,-16,-49,6,-41,-36,23,-37,-7,30,-18,-45,-35,-5]
[-84,-10,43,-2,-23,12,39,-19,22,-22,47,11,-68,4,34,-13]
[-53,-10,54,-19,-7,13,50,-17,16,-10,-1,-3,-40,14,9,2]
[-31,17,33,-21,-12,-1,15,-12,-18,19,-9,3,-17,3,26,11]
[-40,-1,45,-12,1,-12,9,-5,-33,12,-4,-4,-20,9,26,16]
[-67,-26,77,-2,28,-20,-1,8,-4,-23,0,-14,-18,23,-2,15]
[68,-48,-59,13,28,1,-14,8,67,-29,19,-1,48,28,-25,-9]
[125,55,-128,-16,-49,24,34,-8,-25,33,-17,15,7,-26,-3,9]
[-18,26,4,-18,-35,17,28,-17,-34,26,-19,11,-34,-22,8,24]
[-75,-13,81,-9,-1,2,-9,-8,15,-36,-5,4,-20,1,-1,17]
[-54,20,62,-10,6,-7,-14,8,-20,-2,-5,-1,-13,6,39,14]
[-45,-3,60,-6,20,-11,-4,20,-29,-1,1,-15,-10,17,27,12]
[-5,-26,21,-1,27,-9,-4,28,-9,-17,13,-15,8,23,13,-2]
[26,2,-9,-5,22,-6,-14,26,-18,13,-6,-10,23,9,4,-5]
[29,-1,-23,0,13,-5,-25,20,-5,2,0,-4,27,1,-12,-4]
[23,13,-24,-1,2,-6,-19,12,-13,9,-4,0,16,-4,0,7]
[-30,21,26,-2,7,-16,-14,2,-22,23,-17,-7,0,1,-8,34]
[-46,-20,41,18,30,-40,-13,-12,4,33,4,-10,10,21,-24,36]
[-17,-12,9,23,23,-70,-17,-36,12,20,-7,-6,25,17,-47,34]
[71,4,-59,27,13,-59,-27,-31,13,-29,-17,3,40,15,7,21]
[9,92,-21,-46,-63,28,0,-2,-77,27,-55,23,-30,-59,16,22]
[-32,-66,48,-11,6,30,-58,7,61,-32,33,27,31,-3,-1,-15]
[59,15,-88,-34,-50,43,-3,2,-8,22,9,31,6,-36,-5,-9]
[-50,20,46,-35,-35,30,-24,0,-29,12,-15,29,-20,-39,15,15]
[-128,11,127,-13,22,2,-63,12,2,-13,-19,1,-14,-11,-6,11]
[-45,-73,33,19,35,-19,-28,10,60,-6,81,1,19,20,-24,-74]
[24,23,-47,-11,-14,-40,27,-27,-20,60,21,-3,-2,-7,-29,-80]
[-51,0,52,-1,0,-83,-5,-49,-31,31,18,4,-13,3,21,-55]
[-20,-12,33,17,14,-81,-32,-45,18,-51,-3,-3,15,19,11,-6]
[68,-9,-71,16,-6,-51,2,-28,-14,-3,22,12,17,10,53,-5]
[127,-1,-128,-15,-53,0,12,-31,11,-54,-11,23,36,-20,-9,-8]
[89,96,-122,-48,-112,22,24,-32,-85,17,-22,43,-19,-62,80,13]
[-79,25,72,-38,-64,18,38,-31,-108,63,-12,19,-65,-34,79,42]
[-108,-84,107,-9,-9,8,32,-16,16,-63,26,-3,-49,15,-13,29]
[-34,-3,25,-7,4,6,46,-11,6,9,0,-10,-32,25,8,18]
[-23,-7,13,-5,3,2,59,-9,1,-2,0,-18,-37,26,-8,9]
[-27,-5,31,-4,12,-8,42,-5,-2,-9,-3,-15,-28,27,11,2]
[-40,4,55,-4,24,-23,0,-3,-10,19,-19,-12,-1,21,3,23]
[54,-44,-53,18,22,-19,-20,-13,42,19,9,3,51,21,-34,26]
[90,39,-128,-1,-38,-5,24,-29,0,-4,-30,9,6,-14,-39,52]
[3,33,-19,-7,-31,-3,23,-29,-15,-7,-22,14,-23,-9,25,45]
[-47,0,59,-4,3,-3,1,-18,-11,10,-22,3,-14,1,11,30]
[-66,-28,66,7,24,-9,-7,1,23,-23,3,-9,-15,15,-25,12]
[-57,-2,60,8,41,-13,-2,15,28,-22,-4,-21,-14,31,-15,8]
[-6,-5,13,9,44,-7,5,25,29,-19,4,-23,4,38,-3,-3]
[37,13,-33,-3,20,1,17,26,-3,2,-3,-17,7,21,3,-4]
[23,18,-23,-6,10,2,15,17,-16,19,-9,-15,4,11,-3,5]
[-4,8,-9,0,5,-8,23,2,-12,23,-2,-15,-6,13,-13,25]
[-39,2,26,7,16,-34,26,-19,-17,51,-9,-16,-11,21,-19,53]
[-27,-27,23,21,28,-67,-5,-42,21,22,-9,-8,23,26,-49,56]
[1,20,-15,23,13,-95,-26,-63,6,23,-28,0,34,11,-43,53]
[61,5,-56,29,3,-77,-21,-46,2,-52,-12,8,26,14,28,30]
[38,91,-51,-49,-72,36,-4,-4,-72,26,-57,30,-21,-66,13,15]
[-44,-50,54,-21,-7,38,-54,7,49,-32,28,31,14,-12,2,-16]
[35,1,-59,-39,-46,49,-10,7,7,6,19,33,3,-31,-3,-24]
[-12,20,8,-42,-48,44,-22,1,-24,13,-8,36,-8,-42,21,-3]
[-128,32,127,-27,-4,15,-56,13,-42,10,-30,10,-27,-29,23,23]
[-71,-73,75,11,35,4,-46,25,63,-54,58,-1,16,18,-17,-33]
[44,8,-61,-13,-8,-2,21,7,-25,63,34,5,3,-6,10,-61]
[-22,-2,22,-17,-11,-35,-11,-25,-19,30,3,8,2,-17,-24,-43]
[-73,5,71,19,21,-63,-29,-36,-3,34,2,-7,-4,6,-10,-12]
[32,-58,-41,32,11,-49,5,-26,61,-84,44,-1,12,28,-6,-19]
[108,67,-128,-6,-32,3,77,-29,-15,12,-30,-10,-17,9,19,10]
[13,6,-72,-6,-42,30,127,-28,-12,0,18,-23,-93,24,2,20]
[-61,-7,42,-12,-18,23,127,-28,-4,-8,-6,-27,-101,37,15,35]
[-67,1,85,-4,21,5,75,-23,3,22,-34,-27,-45,41,9,41]
[-23,-33,22,9,19,-10,45,-10,18,-13,8,-17,-21,34,-9,13]
[-6,14,9,1,15,-8,37,-2,2,-18,-19,-21,-21,24,-6,4]
[-9,-8,14,6,22,-10,24,6,7,-6,10,-16,-11,26,13,-19]
[-9,-17,16,4,23,-23,4,-5,1,46,4,-9,13,14,-23,-12]
[23,3,-36,7,1,-34,-16,-27,37,-9,-10,-5,33,9,-65,15]
[19,77,-62,1,-34,-34,55,-35,-42,4,-15,-12,-36,12,33,42]
[22,-32,-29,8,-17,-17,101,-31,-30,-19,23,-13,-44,36,63,22]
[17,2,2,-16,-18,-4,57,-22,-38,-8,-36,-8,-21,5,16,28]
[-57,29,69,-14,0,-14,-9,-2,-29,-14,-30,-8,-16,2,17,32]
[-67,-5,77,-1,26,-22,-3,18,-29,-6,10,-17,-18,27,41,19]
[-13,-23,25,2,37,-12,24,27,-8,-21,7,-32,-7,41,6,10]
[31,-2,-32,-1,26,-1,46,28,-7,-7,5,-31,-8,37,1,2]
[25,1,-29,-4,21,0,52,16,-13,29,0,-26,-10,30,-9,3]
[-13,-7,2,1,24,-20,38,-7,6,40,-4,-25,-6,29,-49,14]
[-24,-16,10,10,26,-58,11,-33,22,33,4,-11,10,29,-52,17]
[3,9,-13,10,14,-90,-19,-61,18,23,-16,1,36,19,-45,21]
[-3,24,-18,16,-2,-113,-18,-78,-13,19,-10,5,20,10,-15,17]
[47,-13,-37,25,1,-85,-8,-54,2,-71,-2,6,13,21,39,7]
[65,92,-79,-47,-84,44,5,-8,-78,35,-55,36,-19,-70,27,19]
[-46,-40,59,-25,-21,46,-50,4,29,-31,12,35,5,-25,8,-2]
[15,-8,-33,-34,-42,59,-18,11,16,-8,19,33,0,-31,-2,-22]
[1,11,-14,-35,-50,60,-4,5,-10,13,5,32,-15,-38,15,-16]
[-116,25,127,-29,-18,30,-32,11,-44,25,-22,16,-36,-34,26,14]
[-104,-54,121,8,42,16,-50,25,53,-32,21,-8,5,17,-25,-1]
[43,-29,-62,-4,1,18,7,24,34,-15,47,5,12,10,-8,-36]
[30,47,-35,-30,-24,6,9,-6,-43,68,-19,9,5,-23,1,-22]
[-80,-7,84,-4,2,-40,-39,-19,-27,30,9,9,-2,-18,-5,-25]
[-21,-33,26,19,22,-43,-35,-19,44,-39,21,-4,19,16,-21,-23]
[9,30,-50,1,-6,-21,69,-12,-7,-11,14,-23,-49,28,11,3]
[-4,-41,-14,5,21,-2,110,-14,20,10,26,-28,-49,56,-1,0]
[-2,-2,-2,-6,17,-5,75,-20,27,-4,-27,-26,-29,34,-45,13]
[-31,5,29,6,27,-24,20,-16,22,15,-8,-11,-12,27,-9,5]
[12,-24,1,11,28,-27,-17,-11,38,-15,0,0,24,17,-17,-8]
[-6,45,9,-1,12,-19,-24,4,-5,-21,-31,-7,0,-1,-3,2]
[-22,-16,23,13,28,-11,-11,18,24,-29,26,-10,0,20,13,-25]
[31,-9,-29,-2,7,-12,-3,4,1,35,18,2,26,1,-9,-35]
[-2,22,-8,-2,2,-33,-3,-26,-24,75,-11,-6,10,-5,-39,-17]
[-63,-48,37,28,32,-56,33,-31,29,-12,37,-21,-38,36,-39,-29]
[12,-39,-20,27,38,-36,47,-25,101,-91,15,-25,-14,55,-44,-31]
[33,90,-51,-6,-5,-11,66,-12,-10,5,-32,-21,-36,24,36,6]
[-59,18,58,-3,18,-11,77,1,-45,29,-6,-34,-60,39,43,22]
[-69,-42,83,5,51,-17,64,16,10,-38,6,-48,-42,61,-11,14]
[-6,-15,21,9,62,-15,48,27,14,0,2,-44,-11,63,1,-2]
[23,-4,-22,6,48,-13,40,22,16,9,-10,-39,2,48,-35,8]
[33,-4,-43,9,34,-23,21,2,22,33,-4,-18,18,35,-38,23]
[16,19,-26,3,19,-51,-9,-29,4,53,-30,-3,28,15,-50,42]
[-3,6,-15,8,10,-87,-41,-57,18,25,-16,12,38,10,-51,33]
[0,22,-27,11,-4,-111,-30,-80,-4,25,-12,14,24,8,-22,26]
[-17,3,-7,18,-6,-125,-7,-92,-11,2,-2,10,2,15,-3,19]
[44,-12,-29,24,2,-90,-5,-62,4,-72,-12,8,7,24,46,14]
[81,76,-104,-34,-86,46,29,-15,-65,29,-41,33,-23,-61,29,26]
[-32,-15,45,-22,-35,50,-27,-6,8,-22,-12,32,-6,-32,18,23]
[-1,-13,-9,-22,-39,61,-18,7,13,-9,9,32,-4,-32,5,3]
[2,0,-17,-23,-45,65,-1,5,3,5,4,29,-13,-37,2,1]
[-80,23,84,-25,-30,41,-25,9,-31,19,-18,22,-27,-40,20,19]
[-120,-13,127,-7,25,17,-56,23,9,-7,-6,-1,-6,-3,-2,16]
[13,-56,-21,3,19,22,-11,30,53,-35,52,-1,17,20,-14,-30]
[50,46,-74,-32,-31,28,44,13,-30,23,-3,0,-18,-12,4,-23]
[-32,7,39,-23,-14,1,4,-1,-38,35,8,9,-12,-13,31,-29]
[-41,-30,61,-5,16,-21,-31,-8,-11,39,9,3,13,-2,-7,-26]
[-79,-10,61,-3,24,-34,-6,-1,23,-34,8,-20,-27,21,-50,-4]
[9,-44,-16,8,37,-28,12,1,64,-33,45,-6,11,51,5,-28]
[43,68,-44,-27,-6,-19,21,-9,-39,36,-45,-9,2,4,3,10]
[-2,-26,6,-6,5,-32,-18,-9,-7,1,21,9,15,8,16,-10]
[62,-17,-42,-10,-5,-23,-50,-13,-1,1,-5,25,53,-15,1,-13]
[-20,49,27,-16,-10,-20,-69,1,-40,-3,-38,15,11,-34,6,14]
[-72,-23,72,13,32,-12,-53,21,37,-58,21,-5,4,12,-6,-3]
[34,-15,-50,9,10,0,11,12,23,17,38,-4,16,14,-4,-26]
[16,37,-25,-17,-20,-18,23,-14,-52,61,-14,0,-6,-13,-2,-4]
[-33,-17,58,-7,6,-50,-48,-18,-19,-13,1,14,18,-5,23,-12]
[-9,12,22,0,15,-42,-52,-8,-9,-12,-11,-1,24,2,6,-9]
[-45,-2,15,11,18,-26,37,8,-8,-20,29,-29,-45,30,-2,-7]
[-55,-25,56,8,48,-20,76,16,15,-30,19,-45,-50,64,5,-7]
[-26,3,55,0,67,-21,45,27,1,6,-17,-48,-16,63,6,-5]
[25,-35,-2,4,63,-22,5,36,23,-12,15,-29,24,51,-11,-28]
[28,14,-25,-3,42,-30,-19,16,6,49,-17,-20,40,22,-52,-3]
[26,-13,-45,14,27,-54,-41,-18,35,48,6,0,57,16,-71,27]
[31,36,-58,9,-5,-85,-38,-59,-1,42,-30,12,47,-3,-50,60]
[-6,23,-21,15,-8,-110,-34,-86,-5,26,-21,15,32,3,-31,60]
[-20,3,-9,23,-8,-126,-9,-98,-6,4,-6,9,10,13,-18,46]
[-21,0,3,27,-2,-128,4,-103,-1,-13,-9,3,3,21,-7,35]
[47,-4,-32,28,1,-93,1,-66,0,-74,-16,5,8,24,52,24]
[87,40,-115,-18,-72,40,53,-19,-41,28,-11,25,-22,-39,29,14]
[-6,3,14,-19,-43,46,4,-19,-4,-9,-30,25,-13,-34,9,34]
[-14,-10,6,-12,-37,51,-17,-5,18,-12,-1,29,-5,-31,3,25]
[2,0,-15,-15,-41,56,-5,-3,8,5,-2,29,-7,-34,2,22]
[-49,19,46,-20,-36,43,-15,1,-18,5,-17,23,-21,-39,11,26]
[-117,4,127,-14,9,20,-42,18,-13,1,-13,5,-20,-12,13,22]
[-14,-72,26,5,34,22,-32,30,58,-29,43,2,24,21,-15,-24]
[62,-3,-74,-16,-3,34,8,22,10,26,9,7,11,-8,-26,-34]
[-22,34,7,-25,-12,26,-9,12,24,-28,-18,1,-13,-15,-42,-17]
[-51,36,42,-20,-9,3,-8,12,-16,15,18,7,-19,-1,50,-18]
[-83,10,100,-24,15,-20,7,11,-71,59,-2,-14,-28,13,42,3]
[1,-84,8,1,34,-21,0,10,49,-64,41,-16,19,43,-34,-27]
[50,36,-65,-17,-2,-14,41,4,-40,45,1,-9,-12,13,19,-23]
[45,-55,-29,-8,11,-11,-5,-7,31,-13,19,9,31,11,-22,-39]
[90,25,-88,-24,-31,-2,-50,-14,9,0,-16,34,50,-34,-12,-27]
[-30,58,30,-29,-35,-7,-71,-5,-57,24,-25,35,4,-50,40,11]
[-113,-30,127,2,32,-12,-78,13,14,-24,4,4,7,-2,-8,13]
[-26,-33,2,15,27,-5,-14,15,63,-38,37,-13,9,23,-51,-12]
[14,50,-47,-7,-12,-8,63,-1,-26,30,6,-17,-33,16,15,0]
[-3,26,8,-14,-9,-15,65,-8,-42,-17,-11,-21,-37,24,49,11]
[-31,16,41,-11,5,-14,71,6,-70,7,-1,-31,-52,30,67,4]
[-67,-39,85,-1,41,-15,68,25,-30,-15,17,-47,-48,51,17,-12]
[-33,-25,55,2,62,-16,47,38,7,-31,9,-52,-22,63,-2,-25]
[10,-3,13,-3,59,-14,31,50,-14,1,10,-41,-3,54,23,-35]
[57,-6,-31,-12,42,-4,3,50,2,-22,2,-29,29,36,-3,-38]
[38,25,-42,-19,13,-19,-3,23,-38,70,10,-12,28,8,-8,-36]
[23,-20,-36,-4,2,-50,-14,-24,-7,61,22,-1,42,6,-57,-26]
[20,17,-47,0,-22,-90,-1,-67,-26,33,5,7,17,-1,-27,-14]
[-23,4,1,8,-15,-112,16,-88,-18,0,11,2,-8,14,-6,-17]
[-24,-13,13,15,-6,-120,28,-91,-12,-14,20,-2,-13,26,12,-32]
[-16,-5,12,16,-3,-120,31,-88,-16,-15,10,-7,-13,26,14,-38]
[46,-22,-25,22,1,-83,19,-55,-7,-63,9,0,-1,28,60,-30]
[97,-14,-118,-6,-47,37,64,-11,-2,3,30,18,-13,-12,28,-30]
[33,36,-29,-30,-56,47,27,-20,-28,18,-42,20,-16,-42,3,10]
[-29,-13,21,-11,-36,40,-14,-12,13,0,8,28,-9,-30,4,14]
[0,-9,-12,-14,-40,43,-3,-11,12,-3,4,28,-6,-29,1,18]
[-35,29,27,-22,-40,39,-2,-4,-18,-9,-21,19,-27,-33,15,27]
[-115,16,122,-18,-5,23,-13,16,-26,-10,-10,1,-41,-9,34,27]
[-3,-77,29,0,25,26,-25,28,35,-13,41,8,28,18,19,-15]
[127,-25,-112,-27,-28,39,-52,18,-1,24,1,44,70,-42,-9,-27]
[3,31,8,-30,-18,28,-114,5,-19,72,-45,45,50,-72,-50,-6]
[-120,-43,98,8,27,4,-114,11,98,-57,27,20,14,-20,-102,-27]
[-85,-9,78,8,44,-13,-70,20,67,-11,36,12,6,11,-12,-51]
[8,-24,18,5,56,-8,-70,16,66,13,6,3,55,16,-38,-59]
[51,-17,-57,-6,10,-7,-67,18,48,-20,27,23,45,-15,-40,-72]
[83,17,-74,-21,-12,9,-92,6,45,-7,0,41,71,-35,-17,-64]
[64,42,-84,-31,-53,20,-68,-4,-12,30,6,48,36,-59,7,-45]
[-41,12,32,-33,-48,17,-52,-3,-30,1,9,40,-9,-51,23,-14]
[-106,-6,127,-21,6,1,-84,10,-10,-10,-6,22,6,-24,22,-2]
[-80,-40,85,5,40,-7,-66,19,33,7,29,-1,21,7,-36,-27]
[-50,-9,18,9,29,-12,19,16,37,-23,31,-29,-27,29,-55,-30]
[-35,6,22,16,49,-8,88,17,23,-16,19,-51,-58,66,9,-31]
[-25,-18,34,11,59,2,107,33,20,-38,14,-60,-60,73,9,-41]
[-12,-10,47,4,72,6,57,50,14,-4,0,-51,-20,60,8,-51]
[2,-14,36,4,78,3,2,61,13,10,3,-42,13,45,-11,-60]
[27,-20,-1,3,67,6,-27,71,36,-32,17,-30,29,34,-27,-70]
[50,20,-35,-3,52,22,-17,71,17,5,8,-28,25,25,-10,-68]
[30,-2,-41,-8,27,19,17,53,16,5,41,-24,4,17,-31,-92]
[27,16,-37,-10,6,3,43,20,-7,36,38,-23,-6,13,-17,-119]
[9,4,-18,-9,-13,-27,68,-9,-39,23,55,-20,-36,12,28,-128]
[-24,-17,30,-6,-3,-43,76,-22,-36,1,54,-26,-49,22,37,-128]
[-18,-28,31,1,6,-47,72,-18,-19,-27,59,-28,-45,30,44,-128]
[-7,-12,22,0,6,-43,75,-11,-33,-13,55,-30,-46,27,57,-128]
[39,-46,-12,8,7,-25,53,-5,-15,-3,52,-17,-12,24,54,-126]
[113,-54,-117,1,-20,49,51,14,42,-47,56,11,6,5,23,-82]
[68,64,-74,-40,-66,69,44,2,-53,62,-30,16,-21,-53,11,-38]
[-42,-26,37,-19,-36,46,-8,-5,12,11,22,25,-15,-32,-4,-21]
[-6,-13,-4,-20,-38,41,-5,-9,14,0,14,27,-7,-27,2,-9]
[-41,23,31,-23,-33,36,4,-4,-18,1,-12,16,-33,-27,17,10]
[-116,-16,122,-7,13,21,-6,13,1,-3,3,-3,-38,2,7,13]
[38,-103,-11,14,33,27,-44,18,88,-19,45,21,59,14,-24,-31]
[127,36,-128,-32,-67,52,-76,-1,27,-3,-32,63,92,-73,-35,-13]
[53,96,-54,-59,-110,39,-128,-10,-82,54,-43,98,55,-128,59,18]
[-104,-4,127,-37,-42,13,-128,-2,-57,32,-17,82,59,-102,36,11]
[-106,-42,121,-16,-16,0,-128,25,24,-92,29,55,52,-67,-18,-28]
[-15,17,23,-18,-19,13,-125,39,-15,-17,36,42,44,-44,62,-50]
[52,10,-41,-36,-47,34,-61,37,-52,-6,25,34,33,-48,58,-44]
[60,21,-65,-44,-68,57,-8,30,-68,4,18,25,1,-48,54,-34]
[16,2,-38,-45,-74,66,50,19,-65,8,35,16,-44,-36,51,-31]
[-30,1,30,-47,-57,64,62,17,-65,1,15,6,-61,-21,60,-18]
[-75,5,97,-43,-27,47,33,30,-67,-13,3,-4,-54,-10,73,-16]
[-77,-28,103,-29,5,30,7,42,-45,4,29,-10,-25,4,48,-38]
[-62,-26,84,-16,29,12,9,45,-46,30,27,-25,-20,16,18,-50]
[-39,-56,69,3,57,1,1,55,7,-39,35,-33,-10,36,0,-71]
[4,-17,33,6,67,12,-17,71,22,-33,15,-33,12,33,3,-78]
[27,4,6,1,55,27,-34,85,12,-16,13,-26,27,17,5,-75]
[36,16,2,-10,40,34,-52,92,-17,-3,10,-15,35,1,26,-69]
[39,9,0,-14,35,44,-60,96,-26,2,11,-12,40,-6,25,-66]
[27,-1,-3,-14,28,54,-40,99,-24,-7,24,-16,21,-6,15,-68]
[25,-7,-10,-9,30,64,-8,95,-5,-13,36,-23,6,1,5,-92]
[24,-3,-20,-2,23,66,37,83,-13,11,50,-29,-22,2,12,-128]
[9,-20,1,0,21,58,60,70,-4,5,60,-32,-41,6,14,-128]
[-11,-5,31,-2,25,47,55,64,-9,7,48,-33,-47,8,30,-128]
[-9,-20,36,4,36,45,47,69,-2,-6,55,-34,-41,15,42,-128]
[1,-18,25,3,35,50,49,76,-3,-13,53,-36,-41,12,36,-128]
[31,-39,-17,5,25,44,35,51,23,52,59,-21,0,8,-7,-128]
[104,-40,-96,2,-5,75,51,50,44,-92,50,-8,-3,16,46,-89]
[89,54,-106,-38,-69,111,98,45,-76,85,11,1,-46,-43,43,-66]
[-15,-29,24,-32,-41,81,39,16,-18,44,17,11,-26,-32,-3,-39]
[-3,-23,0,-29,-39,57,3,4,3,16,19,25,-10,-30,-2,-29]
[-37,5,34,-28,-32,40,-13,2,-14,11,-2,25,-20,-33,13,-8]
[-83,-27,102,-13,6,19,-63,10,11,6,3,24,7,-23,0,-1]
[87,-71,-62,2,-6,26,-118,5,84,-24,28,56,107,-34,-31,-31]
[127,73,-128,-29,-101,54,-79,-20,-15,43,-30,73,70,-102,-20,-2]
[29,38,-75,-31,-124,63,-38,-32,-26,-12,2,74,-11,-100,19,17]
[-92,71,92,-47,-102,61,-34,-13,-63,-54,-34,50,-53,-80,88,41]
[-128,14,127,-24,-37,58,-8,24,-89,5,11,13,-61,-29,127,13]
[-72,-82,80,-6,-8,73,64,51,-24,-46,58,-24,-62,12,34,-23]
[13,-15,-18,-12,-8,92,123,55,-14,-14,25,-40,-69,25,22,-29]
[13,3,-27,-18,-10,104,127,53,-21,6,18,-49,-94,34,26,-27]
[-9,-11,-7,-21,-3,106,127,49,-2,-3,21,-55,-105,45,9,-29]
[-13,-2,10,-22,4,103,127,52,-11,3,14,-54,-105,48,31,-34]
[-36,-10,54,-20,23,93,127,63,-16,-3,6,-53,-92,45,37,-43]
[-42,-31,66,-11,44,81,92,73,16,-4,20,-50,-55,42,-1,-62]
[-24,-2,53,-14,40,62,44,81,-5,3,16,-37,-31,26,17,-70]
[4,1,47,-13,44,52,-11,91,-19,-13,8,-26,5,15,46,-75]
[24,-1,22,-9,37,58,-37,104,-30,-5,15,-20,22,-3,40,-74]
[26,-6,9,-4,35,71,-36,110,-23,2,20,-22,23,-7,15,-63]
[31,-2,-3,-4,31,81,-21,112,-15,-11,20,-24,13,-4,14,-57]
[29,5,-1,-8,30,92,-5,114,-18,-4,15,-26,3,-1,22,-54]
[21,-2,11,-10,32,100,-1,118,-17,0,15,-27,0,-1,19,-53]
[22,-5,10,-4,37,109,-1,121,-7,-4,14,-30,1,0,12,-54]
[24,-2,0,3,32,114,4,122,-1,-5,18,-29,-3,-6,10,-55]
[22,7,3,4,28,116,8,117,-7,15,13,-28,-4,-11,10,-50]
[5,5,21,4,29,108,8,114,-16,18,13,-29,-11,-11,15,-45]
[7,-10,28,6,37,106,-3,118,-3,-6,15,-28,-4,-6,18,-46]
[13,4,21,5,37,110,-8,123,-7,0,8,-29,0,-9,17,-43]
[23,-28,-24,7,27,87,-1,83,27,76,40,-18,29,-10,-56,-52]
[51,-34,-32,17,34,95,53,83,52,-112,29,-37,-24,32,34,-67]
[69,25,-100,-8,-27,127,127,93,-10,25,41,-39,-70,0,6,-75]
[46,0,-38,-25,-30,127,127,53,-30,80,22,-19,-49,-4,27,-58]
[37,-17,-27,-37,-44,94,61,25,-24,46,7,6,-21,-26,-1,-39]
[-29,26,24,-40,-50,61,10,12,-31,10,-12,16,-30,-38,11,-2]
[-29,-31,45,-19,-25,34,-39,7,-17,35,24,37,14,-30,46,-4]
[120,-44,-106,-16,-55,45,-73,-15,26,7,5,59,85,-60,-25,-8]
[107,56,-128,-31,-122,58,-36,-33,-38,25,-14,70,17,-105,-1,5]
[-44,41,2,-24,-106,71,21,-32,-19,-42,-4,39,-66,-70,22,18]
[-128,15,125,-5,-42,83,109,3,-41,-21,17,-14,-128,-4,87,9]
[-128,-86,127,12,33,89,127,46,28,-64,43,-51,-124,51,34,-22]
[-56,-41,90,11,65,97,101,73,50,-9,8,-59,-58,54,-10,-36]
[0,-13,11,8,55,95,86,85,40,3,11,-55,-42,43,-24,-44]
[2,-9,2,3,52,96,89,88,43,-5,13,-54,-47,44,-28,-45]
[-3,-4,9,1,57,95,87,86,44,9,9,-55,-44,48,-29,-46]
[4,-6,5,2,54,96,80,90,43,-11,9,-51,-42,46,-21,-46]
[6,11,17,-3,50,95,55,98,23,-14,-4,-44,-32,33,7,-40]
[1,9,29,-2,52,95,25,105,12,7,-1,-40,-12,22,3,-42]
[7,4,20,0,44,92,14,110,-2,2,10,-37,-9,14,7,-49]
[23,0,13,4,44,94,9,115,-6,-9,10,-36,-4,11,23,-50]
[28,1,6,3,40,103,5,121,-7,-4,8,-34,1,3,14,-44]
[22,6,10,2,38,109,1,124,-12,9,6,-34,2,-1,8,-38]
[22,-3,10,2,40,111,2,124,-8,4,10,-34,2,2,9,-36]
[24,-4,6,2,40,117,5,127,-1,-2,8,-34,0,2,2,-33]
[29,-3,4,0,40,122,-3,127,3,1,6,-29,7,-1,2,-32]
[26,6,8,0,38,125,-16,127,0,10,-4,-26,13,-9,-3,-21]
[20,4,8,7,37,126,-22,127,7,7,-1,-26,15,-12,-10,-9]
[20,5,4,10,35,127,-11,127,7,5,3,-28,9,-12,-12,-9]
[12,7,16,7,34,126,-6,127,2,0,2,-30,4,-10,-5,-16]
[14,6,20,5,37,126,-11,127,1,-3,0,-30,8,-8,4,-16]
[18,1,17,6,38,127,-12,127,-6,6,4,-29,10,-9,6,-17]
[18,-23,-21,4,27,99,-7,88,32,70,29,-20,36,-14,-81,-35]
[11,-24,38,21,57,94,-7,103,32,-100,-3,-34,-7,16,39,-37]
[17,-14,-27,27,40,127,68,127,45,8,41,-54,-34,12,-50,-65]
[59,-3,-74,7,10,127,117,96,44,21,38,-44,-42,17,-33,-69]
[80,27,-85,-23,-28,124,112,56,-14,72,9,-18,-36,-5,11,-48]
[-15,19,10,-29,-30,87,79,26,-41,72,-10,-12,-53,-17,-4,-11]
[19,-86,-15,-2,-14,56,14,4,55,1,46,21,14,-8,-25,-31]
[127,20,-128,-21,-73,63,-17,-26,20,36,-20,51,51,-63,-27,-15]
[43,73,-90,-34,-120,66,5,-34,-33,-10,-20,53,-32,-90,14,9]
[-128,48,102,-19,-66,74,76,-11,-46,-27,-2,2,-127,-30,69,18]
[-128,-74,127,6,17,79,118,41,-1,-63,52,-34,-128,40,85,-18]
[-71,-50,127,-3,58,92,65,79,29,-40,-2,-46,-48,41,22,-25]
[-5,-2,45,-4,50,93,4,105,9,5,0,-33,0,15,9,-32]
[14,3,16,-8,40,89,-13,111,-4,3,5,-27,10,3,4,-33]
[11,6,17,-10,39,89,-17,113,-7,2,5,-27,9,3,4,-30]
[7,3,18,-10,39,87,-14,112,-8,2,9,-27,8,6,5,-30]
[15,3,14,-4,40,90,-11,112,-11,4,4,-29,9,7,8,-25]
[19,3,11,3,40,94,-7,114,-10,-4,0,-32,6,5,9,-15]
[14,3,15,8,43,100,-3,118,-6,-3,-1,-35,5,5,2,-14]
[16,-1,17,13,47,103,-1,121,-4,2,2,-37,5,6,2,-20]
[26,-3,10,15,48,109,-4,125,2,-6,0,-37,9,4,0,-20]
[31,6,2,13,45,116,-4,127,2,-2,-1,-36,10,0,-1,-19]
[25,4,7,10,44,121,-3,127,-1,5,2,-35,7,-2,-3,-25]
[24,-1,10,7,44,122,-8,127,4,1,4,-33,10,-2,-4,-27]
[32,0,4,5,42,125,-17,127,3,8,3,-27,18,-7,-1,-27]
[38,3,-4,3,34,127,-28,127,6,0,-2,-23,24,-15,-9,-22]
[27,14,2,1,27,127,-31,127,-4,13,-2,-19,20,-20,-4,-15]
[16,5,14,2,28,126,-29,126,-5,8,0,-20,17,-18,-4,-12]
[20,2,12,2,29,126,-24,127,-3,-8,4,-21,13,-15,3,-22]
[17,4,17,-1,31,127,-19,127,-6,-3,5,-24,8,-14,7,-32]
[20,-14,18,2,38,127,-23,127,1,12,13,-22,15,-12,2,-40]
[33,-14,7,1,36,127,-41,127,14,-1,6,-15,29,-21,-15,-39]
[5,5,-12,-3,21,100,-41,87,33,76,15,-9,42,-30,-86,-40]
[12,6,54,10,39,95,-40,111,-11,-93,-24,-19,5,-9,83,-12]
[-13,-12,42,21,47,127,-19,127,7,14,19,-37,7,-14,-20,-32]
[29,-16,-26,21,39,127,38,127,32,22,34,-46,-6,5,-47,-48]
[65,7,-88,0,1,127,103,93,20,22,34,-41,-37,10,-31,-50]
[31,14,-33,-21,-13,101,101,56,-31,78,15,-20,-43,-1,15,-40]
[98,-62,-79,-15,-22,78,14,16,42,30,25,21,44,-22,-35,-54]
[127,45,-128,-34,-99,74,-8,-18,-14,44,-12,54,29,-84,-18,-31]
[-45,76,-2,-33,-101,72,34,-22,-48,-7,-21,28,-81,-70,27,14]
[-128,-23,127,1,-7,68,86,17,-20,-37,29,-19,-128,14,77,9]
[-112,-86,127,11,58,82,64,67,57,-91,21,-41,-64,53,29,-14]
[3,8,45,-4,51,98,16,100,9,2,-17,-34,-4,21,26,-18]
[15,1,16,-6,39,102,-11,115,0,1,-2,-27,10,2,-3,-18]
[12,11,13,-7,35,102,-12,117,-6,0,0,-28,6,0,1,-17]
[6,4,19,-5,39,102,-4,118,-9,7,5,-30,2,5,7,-17]
[8,-4,19,-2,43,100,-1,116,-3,4,5,-33,4,8,-5,-18]
[12,1,15,3,44,99,-3,115,-1,4,2,-34,6,7,-5,-18]
[14,3,15,9,45,98,-5,116,0,-1,0,-35,7,5,-2,-15]
[16,2,16,13,48,101,-7,120,0,-1,0,-36,9,3,1,-16]
[22,2,13,14,47,105,-13,124,2,-5,0,-34,14,-1,-1,-18]
[28,7,8,13,45,110,-18,127,-2,1,-2,-32,18,-5,2,-17]
[33,3,3,11,42,117,-19,127,-3,-4,2,-30,18,-8,3,-21]
[34,1,4,8,40,124,-23,127,-2,0,3,-27,20,-12,1,-27]
[31,2,6,6,38,127,-31,127,1,5,2,-24,23,-16,-5,-29]
[33,8,0,4,30,127,-34,127,2,-5,3,-21,22,-20,-3,-28]
[28,20,0,2,23,127,-22,127,-13,8,1,-23,12,-21,11,-21]
[16,6,9,1,21,127,-2,127,-16,6,10,-27,-1,-16,10,-21]
[14,5,17,0,23,127,9,127,-19,0,6,-31,-7,-11,15,-24]
[28,-8,11,2,28,127,6,127,-16,-1,11,-28,0,-9,26,-33]
[36,-13,8,2,29,127,-11,127,-9,8,5,-23,13,-20,8,-36]
[39,-7,2,1,24,127,-46,127,9,-1,3,-11,32,-33,-11,-35]
[41,28,-8,-4,7,127,-62,127,-9,8,-8,-3,34,-47,8,-20]
[-20,8,9,-6,2,105,-34,86,-12,104,24,-4,25,-43,-49,-21]
[16,7,43,10,33,101,-21,111,-11,-100,-22,-21,-8,-7,86,-7]
[-17,-5,58,16,46,127,-19,127,-2,11,8,-36,5,-16,-3,-21]
[4,-12,24,16,49,127,1,127,10,25,21,-42,6,-4,-27,-40]
[27,-12,-26,9,39,127,49,122,25,24,32,-48,-14,12,-46,-54]
[54,-3,-64,-11,6,115,77,92,25,7,36,-31,-24,10,-24,-62]
[127,-12,-128,-21,-34,111,57,43,13,70,33,13,33,-19,9,-74]
[127,50,-128,-46,-111,106,51,-1,-53,60,-16,36,-10,-83,-10,-34]
[-118,53,92,-28,-70,80,53,-2,-63,11,-18,8,-108,-52,33,11]
[-128,-76,127,15,31,62,31,40,28,-75,39,-18,-86,25,57,-10]
[-46,-33,109,13,61,82,-2,82,35,-39,-9,-32,-6,27,24,-15]
[18,5,11,2,37,97,-11,110,6,-19,-1,-27,6,3,7,-18]
[22,7,6,-2,36,107,-8,117,-7,12,1,-26,10,0,8,-15]
[7,4,19,-3,38,107,-6,117,-6,5,-4,-31,3,0,-9,-10]
[-1,-1,25,1,44,104,-6,119,6,-7,5,-33,2,8,-6,-13]
[13,4,15,0,44,103,-2,119,0,5,2,-33,6,8,0,-16]
[18,5,11,0,41,102,-5,118,-6,7,0,-32,9,4,-1,-15]
[17,4,13,2,42,100,-11,119,-6,2,1,-31,11,1,2,-16]
[20,3,13,4,42,102,-18,122,-4,-4,1,-30,14,-2,3,-17]
[24,6,9,4,41,108,-20,126,-5,-1,0,-29,16,-5,4,-18]
[28,2,5,5,40,114,-20,127,-6,2,4,-28,17,-8,4,-20]
[30,9,4,4,36,123,-20,127,-5,-12,-2,-29,14,-11,5,-19]
[33,12,0,4,31,127,-16,127,-9,-8,3,-27,12,-13,17,-23]
[37,8,-1,2,25,127,-11,127,-20,9,4,-26,11,-19,18,-24]
[28,5,6,3,25,127,-7,127,-19,11,2,-28,6,-20,7,-21]
[8,-1,19,7,30,127,5,127,-7,3,9,-34,-7,-12,-2,-22]
[3,-2,24,9,38,127,19,127,3,-4,10,-40,-14,-1,-1,-26]
[19,-8,16,12,44,127,25,127,2,4,13,-41,-11,3,10,-37]
[51,-19,-7,11,40,127,6,127,17,-7,10,-31,11,-8,-2,-46]
[58,20,-19,0,18,127,-25,127,4,0,-9,-18,23,-34,-2,-35]
[29,39,-4,-2,4,127,-26,127,-17,15,-5,-16,10,-41,12,-16]
[9,10,7,3,4,127,14,127,-31,28,16,-24,-15,-26,24,-4]
[-24,-31,16,-3,8,115,37,82,-1,87,32,-22,-5,-17,-59,-13]
[17,3,40,10,34,102,-15,111,-5,-103,-20,-23,-11,-3,81,-6]
[-9,-3,51,15,46,127,-15,127,0,5,5,-36,3,-14,2,-18]
[5,-3,33,10,47,127,-14,127,2,14,10,-37,9,-11,-11,-30]
[13,-4,13,1,45,127,-2,127,3,25,18,-37,6,-3,-19,-45]
[33,-7,-31,-4,34,127,35,121,23,19,29,-40,-6,9,-39,-56]
[127,-12,-128,-9,-23,127,95,79,48,-4,53,-20,-6,4,-28,-73]
[127,63,-128,-35,-90,127,127,31,-70,97,5,4,-55,-42,46,-44]
[-114,49,119,-35,-56,101,98,24,-89,15,-41,-18,-120,-39,36,15]
[-128,-79,127,21,43,73,13,61,26,-60,36,-22,-51,25,64,-18]
[-7,-14,60,10,39,89,0,94,-7,-15,-6,-29,-1,5,33,-16]
[15,-8,20,6,37,101,-9,112,-6,-4,3,-29,7,-1,5,-18]
[24,-9,3,3,36,109,-10,117,8,-6,7,-26,12,-1,-8,-21]
[14,14,16,-2,35,108,-16,116,-9,13,-8,-25,10,-7,-1,-16]
[-1,-5,33,5,45,104,-27,118,5,2,2,-27,14,-1,-9,-18]
[7,1,19,4,45,102,-21,120,11,-6,3,-30,12,2,-14,-18]
[14,10,10,1,42,103,-9,120,1,3,3,-32,7,5,-1,-16]
[19,8,8,-3,40,105,-2,121,-6,0,0,-32,6,5,6,-13]
[26,4,6,-3,39,109,-4,124,-9,1,0,-31,9,2,9,-14]
[27,3,5,-3,38,114,-9,127,-8,0,-1,-30,11,-2,3,-14]
[27,5,4,-2,35,120,-13,127,-3,-7,0,-28,12,-5,2,-15]
[25,11,8,2,36,127,-10,127,-12,2,-2,-30,7,-7,13,-15]
[21,-4,10,10,40,127,-2,127,3,-9,4,-35,3,-5,-2,-18]
[28,4,-1,11,36,127,10,127,7,-3,4,-37,-1,-6,-5,-18]
[23,15,6,7,32,127,16,127,-6,9,-2,-37,-7,-8,6,-14]
[10,2,25,7,38,127,11,127,-8,10,1,-37,-6,-6,7,-14]
[12,-10,28,11,47,127,0,127,1,6,3,-37,2,-5,-1,-21]
[42,-18,3,13,46,127,-22,127,18,-13,7,-27,23,-12,-5,-36]
[64,26,-25,3,23,127,-36,127,7,-14,-12,-20,28,-32,-1,-31]
[33,41,-14,1,8,127,-7,127,-26,18,2,-24,-3,-35,24,-19]
[-24,10,35,7,20,127,49,127,-27,27,12,-47,-42,-10,4,-1]
[-8,-43,28,16,42,127,71,127,12,16,30,-50,-34,18,-8,-7]
[17,-17,-18,-3,26,113,52,81,28,80,10,-33,8,0,-82,-17]
[16,6,41,6,34,100,-29,108,1,-104,-28,-19,-3,-8,65,-4]
[-13,2,49,15,45,127,-27,127,8,-2,5,-32,6,-15,2,-10]
[12,0,26,9,46,127,-15,127,-1,12,6,-34,11,-11,0,-16]
[16,3,17,-3,42,127,-11,127,-2,11,5,-34,10,-9,-12,-25]
[11,-1,8,-5,44,127,3,127,3,31,16,-36,3,1,-20,-38]
[60,-15,-80,7,27,127,75,108,49,8,35,-49,-18,21,-63,-52]
[100,22,-128,-2,-37,127,127,74,13,-1,43,-39,-78,11,-4,-51]
[-50,76,62,-20,-21,122,127,58,-100,80,-37,-48,-124,0,78,2]
[-94,-77,127,22,54,96,56,79,27,-54,12,-49,-46,34,18,-12]
[8,6,30,17,38,102,33,106,-7,-11,-2,-43,-17,12,30,-16]
[23,0,14,8,34,110,25,117,-17,2,2,-38,-6,6,22,-14]
[37,-1,-3,2,31,116,11,119,-13,4,-1,-33,7,0,7,-16]
[28,8,3,-1,25,114,0,118,-22,10,-2,-26,5,-10,10,-16]
[12,0,25,1,32,110,-21,118,-13,6,-2,-23,14,-11,6,-16]
[3,2,30,3,38,105,-28,119,-9,10,0,-25,15,-9,-3,-16]
[5,-12,23,5,45,103,-22,120,6,2,11,-28,13,0,-11,-19]
[19,-5,10,2,47,104,-18,120,11,1,3,-28,15,4,-13,-19]
[26,3,2,0,44,109,-21,122,14,-8,-2,-27,17,1,-13,-18]
[26,13,2,-2,39,115,-21,126,6,-3,-4,-25,14,-4,-2,-17]
[21,8,7,-1,38,122,-15,127,1,2,-1,-27,10,-4,0,-15]
[19,5,11,3,37,127,-11,127,-1,-8,-1,-29,6,-6,4,-11]
[17,11,18,6,40,127,-12,127,-3,-1,-7,-32,7,-7,6,-5]
[16,5,14,11,41,127,-2,127,-2,4,0,-37,3,-5,-2,-4]
[20,-2,9,13,42,127,10,127,0,7,3,-39,-1,-2,-3,-7]
[31,-8,7,12,44,127,-1,127,7,8,-1,-33,12,-6,-7,-11]
[45,-2,2,9,40,127,-37,127,9,4,-9,-19,33,-21,-7,-15]
[60,14,-16,7,26,127,-66,127,11,-14,-13,-9,46,-39,-4,-17]
[34,29,-7,9,19,127,-44,127,-13,15,-6,-16,17,-42,7,-13]
[-18,-9,36,18,35,127,1,127,10,0,14,-36,-16,-18,-19,-13]
[-56,-1,77,18,58,127,28,127,21,14,6,-55,-32,8,-33,-9]
[7,-29,24,19,64,127,24,127,49,-3,22,-47,2,25,-25,-24]
[55,11,-60,-5,24,103,28,87,13,101,11,-26,28,-5,-64,-30]
[19,19,37,-1,24,99,-25,105,-25,-77,-29,-15,-5,-12,87,3]
[-24,-11,61,11,43,127,-25,127,1,-1,4,-32,4,-14,-7,2]
[13,-8,23,10,46,127,-16,127,8,0,8,-33,12,-7,-3,-5]
[23,12,11,-4,41,127,-10,127,-5,13,-6,-34,10,-8,-7,-8]
[8,0,18,-4,42,127,-11,127,2,12,7,-32,8,-4,-14,-21]
[10,-3,4,6,49,127,16,127,11,38,13,-43,-2,8,-35,-33]
[33,-22,-52,23,37,127,87,105,51,-4,35,-56,-36,27,-62,-47]
[-10,26,7,10,24,115,117,95,-3,8,8,-53,-78,21,11,-31]
[-31,2,88,19,66,105,47,98,14,8,-22,-55,-24,29,15,-15]
[1,-8,30,26,56,102,28,117,9,-9,7,-50,-13,18,1,-20]
[27,-5,3,20,53,111,33,122,13,-7,5,-49,-6,19,-5,-20]
[38,17,-13,11,41,119,34,122,1,2,-7,-47,-6,12,-2,-13]
[31,16,-7,7,32,121,37,122,-12,3,-1,-42,-13,7,12,-10]
[27,11,4,4,29,121,31,120,-21,8,-3,-39,-9,3,18,-8]
[14,4,20,1,31,115,16,119,-26,18,-2,-34,-3,-2,13,-8]
[16,-9,20,-1,35,108,-8,118,-11,8,1,-28,12,-2,1,-9]
[30,4,4,-5,30,105,-25,117,-11,3,-4,-20,21,-9,4,-10]
[32,5,1,-4,29,109,-33,118,-13,5,-4,-17,24,-13,7,-10]
[28,-5,4,0,31,114,-36,121,-4,1,1,-16,24,-16,-2,-14]
[18,1,13,1,34,119,-40,123,6,-3,-4,-17,22,-17,-13,-13]
[6,12,22,5,36,122,-36,127,7,-7,-5,-23,14,-13,-7,-6]
[3,8,25,10,41,126,-20,127,3,0,0,-29,7,-6,2,-2]
[8,-1,24,13,46,127,-8,127,3,4,-1,-36,6,-2,-7,0]
[28,-8,7,14,47,127,-13,127,11,3,1,-31,18,-3,-11,-6]
[59,-1,-20,9,35,127,-34,127,11,6,-6,-18,38,-19,-11,-10]
[77,11,-37,3,16,127,-64,127,0,9,-12,1,53,-43,-1,-9]
[52,26,-19,2,5,127,-73,127,-9,5,-20,2,40,-57,-2,2]
[-6,16,30,7,11,127,-55,127,-5,-15,-3,-8,8,-47,4,6]
[-40,14,72,9,32,127,-33,127,-5,-6,-2,-26,-5,-25,10,5]
[-46,-8,86,11,55,127,-21,127,-12,26,11,-36,-2,-6,7,-10]
[5,-21,30,11,59,127,-13,127,25,-7,10,-45,17,8,-36,-21]
[55,-15,-70,3,25,97,22,93,20,90,45,-23,29,-1,-57,-45]
[19,2,29,2,26,98,-5,101,-7,-86,-16,-18,-13,-2,75,-3]
[-23,1,61,5,43,127,-17,127,-1,17,-8,-33,3,-11,-9,5]
[7,-8,26,7,46,127,-21,127,14,-5,3,-32,14,-3,-10,3]
[24,15,5,-3,39,127,-9,127,-7,6,-7,-32,8,-5,1,2]
[14,4,16,0,42,127,-10,127,-2,6,-1,-33,9,-4,-7,-8]
[5,8,22,2,39,127,-9,127,-7,16,2,-33,6,-7,-10,-19]
[4,-1,20,12,47,116,3,124,0,25,9,-40,3,3,-15,-26]
[6,-6,13,14,41,106,20,118,4,-8,15,-41,-11,7,-10,-29]
[-1,16,38,14,51,101,12,118,-9,9,-8,-44,-6,9,12,-18]
[-1,-5,39,19,58,99,1,126,0,-3,4,-45,2,12,3,-16]
[27,-4,7,19,57,105,4,127,4,0,5,-45,11,13,-5,-17]
[28,10,-2,15,51,110,17,127,-3,8,-3,-48,0,11,-11,-13]
[20,-4,3,20,55,113,29,126,12,0,6,-50,-6,18,-15,-16]
[22,10,0,17,51,118,40,124,12,-5,-4,-53,-13,19,-15,-11]
[16,17,5,11,44,116,45,122,1,4,-1,-51,-17,19,1,-8]
[29,9,-2,6,39,114,42,118,-11,15,-1,-46,-9,17,10,-5]
[43,5,-14,1,29,113,33,113,-19,11,-5,-38,-2,8,10,-3]
[44,2,-13,0,24,116,14,112,-16,2,-6,-28,5,-3,10,-5]
[45,5,-10,-1,18,120,-12,113,-13,0,-8,-18,17,-17,11,-8]
[24,18,9,-3,14,122,-29,116,-22,8,-13,-14,16,-27,10,-2]
[-8,6,39,3,26,119,-30,121,-18,6,-3,-21,7,-19,8,1]
[-8,-13,39,10,40,118,-22,125,1,-3,6,-27,9,-6,-3,-2]
[8,4,25,8,42,118,-20,127,2,-2,-6,-31,13,-5,-8,2]
[40,-4,-6,10,38,120,-25,127,5,3,3,-22,28,-8,1,-7]
[76,8,-45,2,16,127,-30,121,-4,7,-7,-11,38,-27,-3,-7]
[82,18,-58,-3,-8,127,-36,114,-12,6,-8,1,35,-46,6,-1]
[36,34,-13,-7,-16,127,-32,114,-35,11,-18,1,10,-54,22,17]
[-31,14,60,0,6,127,-25,125,-24,-11,-11,-15,-13,-37,20,24]
[-57,-8,90,12,39,127,-6,127,-9,-6,5,-35,-21,-9,14,13]
[-24,-24,66,14,55,127,-7,127,9,-9,12,-38,1,2,-2,-7]
[1,13,39,8,59,127,-10,127,-6,32,-11,-46,11,2,-16,-9]
[41,-52,-52,12,38,96,8,96,52,59,57,-25,39,6,-85,-47]
[13,-9,19,11,30,61,-50,61,25,-50,-41,0,21,-7,14,80]
[-11,16,28,16,40,89,-74,86,24,27,-46,0,37,-20,-38,103]
[1,0,18,18,48,81,-87,86,41,9,-39,0,50,-13,-50,95]
[14,11,-3,16,44,80,-85,88,40,3,-40,1,48,-14,-47,93]
[12,16,0,20,47,82,-86,88,41,9,-43,0,49,-16,-46,91]
[5,15,5,25,47,77,-85,85,38,18,-38,-1,47,-19,-49,85]
[-1,9,15,26,50,67,-87,81,40,17,-33,-1,48,-17,-51,75]
[5,7,11,28,54,60,-91,79,44,12,-32,-1,52,-14,-49,68]
[1,9,16,28,56,55,-95,80,40,11,-33,-1,51,-15,-46,67]
[-1,3,23,30,65,52,-108,82,51,8,-34,-2,61,-11,-54,67]
[17,7,1,31,63,53,-112,84,57,3,-33,0,68,-13,-58,66]
[15,18,-1,29,58,54,-106,84,44,14,-36,0,61,-16,-51,67]
[12,7,5,30,61,55,-108,83,53,5,-33,0,64,-13,-56,67]
[10,13,4,31,63,55,-102,83,47,19,-35,-3,59,-12,-55,68]
[1,-5,9,36,71,54,-91,81,67,9,-27,-8,54,-4,-76,62]
[16,2,-11,36,68,56,-80,77,80,2,-27,-10,53,1,-80,57]
[33,22,-30,30,55,60,-69,73,67,4,-34,-7,47,-2,-60,58]
[38,28,-33,24,40,67,-61,71,50,2,-37,-3,42,-10,-41,66]
[38,29,-34,21,25,77,-52,70,33,6,-38,0,35,-18,-27,76]
[16,26,-10,17,21,81,-45,70,14,19,-38,0,23,-22,-20,85]
[-11,6,26,19,32,77,-55,72,20,13,-36,-2,25,-17,-28,88]
[-4,1,24,21,42,71,-76,75,35,5,-36,0,42,-15,-37,84]
[5,12,11,21,43,67,-84,77,29,16,-38,1,47,-17,-38,82]
[28,5,-18,22,37,72,-81,77,47,-8,-31,2,53,-16,-47,78]
[54,34,-56,16,14,84,-56,72,26,7,-37,5,41,-24,-28,82]
[50,32,-58,12,-3,98,-22,66,12,10,-34,2,18,-26,-17,91]
[16,27,-20,9,-5,104,0,64,-6,15,-39,-1,-7,-24,-3,104]
[-30,5,48,14,23,100,-16,70,2,18,-46,-7,-4,-15,-9,113]
[-43,-18,72,24,53,90,-60,84,38,1,-43,-8,23,-8,-40,108]
[-4,-3,29,28,62,84,-96,92,60,1,-44,-3,57,-12,-58,96]
[0,23,16,23,56,73,-104,94,34,29,-44,1,55,-21,-50,89]
[27,-7,-41,19,42,55,-85,62,89,14,-6,1,73,-13,-116,42]

Gemmini extension configured with:
    dim = 16
